0 66.583 66.574 66.520 66.572 66.565 66.236 66.574 66.581 59.303 66.572 66.580 60.318 66.561 65.080 66.360 65.357 66.579 65.393 61.764 66.504 66.568 63.606 61.686 64.521 66.043 61.585 66.233 66.578 64.553 66.406 62.093 65.645 62.477 66.330 66.253 65.301 66.586 66.535 66.333 66.290 66.579 66.574 66.561 66.563 66.549 66.565 66.563 63.090 65.979 66.578 66.572 66.290 66.582 66.556 66.418 65.075 66.306 66.476 66.577 66.204 66.574 66.572 60.208 62.430 66.573 66.361 66.559 64.584 66.232 66.556 66.579 66.567 66.196 62.382 64.188 66.572 66.383 61.475 66.574 66.574 66.326 65.298 64.798 65.509 66.557 66.574 66.582 66.559 65.186 66.574 66.240 66.288 66.223 63.650 65.209 
1 66.574 66.572 66.515 66.566 66.562 66.234 66.570 66.577 59.292 66.568 66.576 60.270 66.556 65.075 66.355 65.353 66.574 65.388 61.759 66.500 66.564 63.602 61.680 64.518 66.038 61.584 66.229 66.573 64.549 66.428 62.089 65.640 62.469 66.327 66.249 65.295 66.580 66.524 66.318 66.285 66.575 66.569 66.557 66.560 66.545 66.563 66.559 63.088 65.975 66.570 66.568 66.286 66.578 66.550 66.413 65.071 66.301 66.474 66.572 66.201 66.570 66.568 60.216 62.428 66.569 66.358 66.555 64.579 66.227 66.552 66.574 66.562 66.191 62.381 64.184 66.567 66.387 61.468 66.569 66.569 66.322 65.291 64.793 65.504 66.552 66.571 66.578 66.554 65.182 66.569 66.235 66.282 66.220 63.649 65.206 
2 66.520 66.515 66.827 66.515 66.510 66.233 66.517 66.524 59.284 66.513 66.524 60.352 66.502 65.139 66.306 65.310 66.521 65.554 61.726 66.775 66.512 63.586 61.685 64.476 65.999 61.580 66.176 66.521 64.506 66.366 62.052 65.600 62.435 66.506 66.341 65.256 66.528 66.512 66.282 66.240 66.523 66.516 66.505 66.508 66.501 66.510 66.506 63.334 66.209 66.519 66.515 66.240 66.524 66.500 66.364 65.030 66.265 66.417 66.519 66.270 66.516 66.512 60.174 62.392 66.512 66.319 66.828 64.537 66.247 66.498 66.522 66.510 66.216 62.343 64.444 66.522 66.332 61.424 66.514 66.514 66.411 65.253 64.755 65.464 66.497 66.515 66.524 66.501 65.164 66.515 66.185 66.237 66.165 63.613 65.446 
3 66.572 66.566 66.515 66.570 66.562 66.232 66.570 66.577 59.295 66.566 66.574 60.295 66.553 65.076 66.355 65.353 66.574 65.387 61.759 66.498 66.563 63.600 61.680 64.518 66.038 61.581 66.227 66.571 64.548 66.426 62.089 65.639 62.472 66.325 66.249 65.295 66.580 66.530 66.325 66.285 66.575 66.569 66.557 66.558 66.545 66.561 66.558 63.086 65.974 66.571 66.566 66.284 66.577 66.550 66.411 65.067 66.301 66.471 66.571 66.199 66.569 66.569 60.215 62.427 66.568 66.356 66.553 64.580 66.227 66.550 66.574 66.561 66.190 62.379 64.182 66.566 66.385 61.470 66.568 66.569 66.321 65.291 64.793 65.502 66.550 66.569 66.577 66.554 65.189 66.568 66.235 66.282 66.218 63.646 65.205 
4 66.565 66.562 66.510 66.562 66.562 66.229 66.563 66.570 59.295 66.563 66.570 60.343 66.550 65.072 66.349 65.347 66.569 65.382 61.754 66.494 66.559 63.598 61.680 64.511 66.033 61.574 66.222 66.568 64.545 66.418 62.083 65.636 62.475 66.315 66.243 65.291 66.575 66.525 66.320 66.282 66.569 66.564 66.549 66.551 66.537 66.553 66.549 63.082 65.970 66.566 66.562 66.280 66.571 66.549 66.407 65.068 66.296 66.461 66.567 66.195 66.563 66.562 60.206 62.423 66.562 66.350 66.548 64.574 66.223 66.546 66.569 66.556 66.185 62.373 64.178 66.563 66.378 61.465 66.563 66.563 66.317 65.287 64.787 65.498 66.545 66.564 66.570 66.547 65.186 66.563 66.229 66.278 66.214 63.639 65.200 
5 66.236 66.234 66.233 66.232 66.229 67.488 66.235 66.240 59.239 66.237 66.240 60.410 66.219 65.306 66.175 65.237 66.235 65.428 61.722 67.352 66.231 64.298 62.061 64.471 65.892 61.498 66.133 66.237 64.494 66.090 62.046 65.858 62.447 66.113 66.110 65.157 66.244 66.231 66.013 66.094 66.238 66.229 66.223 66.225 66.226 66.227 66.224 63.057 66.505 66.238 66.234 66.091 66.239 66.247 66.208 64.931 66.142 66.162 66.237 66.325 66.236 66.233 60.201 62.247 66.233 66.143 66.239 64.523 66.151 66.351 66.239 66.246 66.339 62.312 64.522 66.255 66.092 61.402 66.234 66.236 66.688 65.154 64.696 65.472 66.215 66.235 66.241 66.216 65.051 66.233 66.146 66.091 66.122 63.558 65.274 
6 66.574 66.570 66.517 66.570 66.563 66.235 66.577 66.578 59.300 66.569 66.577 60.326 66.558 65.077 66.357 65.355 66.575 65.389 61.760 66.503 66.565 63.605 61.685 64.519 66.039 61.584 66.231 66.575 64.550 66.425 62.090 65.642 62.467 66.327 66.251 65.297 66.582 66.534 66.312 66.286 66.576 66.571 66.559 66.561 66.547 66.564 66.560 63.088 65.975 66.574 66.569 66.287 66.579 66.554 66.415 65.071 66.304 66.474 66.574 66.202 66.571 66.570 60.201 62.430 66.571 66.359 66.556 64.581 66.230 66.553 66.576 66.563 66.191 62.381 64.186 66.568 66.388 61.469 66.571 66.571 66.324 65.294 64.795 65.506 66.552 66.572 66.579 66.555 65.197 66.572 66.237 66.285 66.220 63.648 65.206 
7 66.581 66.577 66.524 66.577 66.570 66.240 66.578 66.589 59.307 66.576 66.584 60.346 66.564 65.084 66.365 65.361 66.583 65.396 61.768 66.507 66.573 63.611 61.688 64.527 66.047 61.588 66.238 66.583 64.557 66.434 62.097 65.650 62.487 66.335 66.258 65.305 66.591 66.541 66.337 66.294 66.585 66.578 66.566 66.568 66.554 66.570 66.567 63.096 65.984 66.582 66.577 66.294 66.586 66.560 66.422 65.078 66.310 66.482 66.583 66.209 66.578 66.578 60.226 62.436 66.577 66.365 66.564 64.589 66.236 66.559 66.585 66.571 66.200 62.388 64.193 66.577 66.399 61.477 66.578 66.578 66.330 65.303 64.803 65.512 66.562 66.579 66.587 66.564 65.204 66.577 66.244 66.293 66.228 63.660 65.214 
8 59.303 59.292 59.284 59.295 59.295 59.239 59.300 59.307 62.228 59.300 59.306 54.999 59.283 58.418 59.219 61.179 59.305 59.212 56.746 62.243 59.303 58.756 58.710 59.819 59.428 56.558 59.250 59.304 59.847 59.150 57.032 59.909 56.960 59.270 59.290 59.884 59.311 59.275 59.065 59.149 59.306 59.300 59.286 59.291 59.543 59.294 59.291 57.597 59.826 59.297 59.299 59.148 59.308 59.288 59.234 59.945 59.193 59.200 59.303 60.796 59.301 59.299 55.651 57.190 59.298 59.393 59.300 59.876 59.986 59.296 59.306 59.307 61.075 57.252 58.450 59.301 59.199 56.612 59.300 59.301 59.242 59.881 60.633 59.821 59.279 59.301 59.303 59.283 59.777 59.299 59.256 59.138 59.225 59.078 59.288 
9 66.572 66.568 66.513 66.566 66.563 66.237 66.569 66.576 59.300 66.582 66.575 60.349 66.556 65.076 66.356 65.352 66.573 65.389 61.760 66.503 66.563 63.602 61.683 64.521 66.038 61.583 66.227 66.573 64.549 66.424 62.089 65.645 62.476 66.327 66.249 65.297 66.580 66.531 66.327 66.286 66.575 66.570 66.558 66.559 66.545 66.561 66.558 63.086 65.976 66.571 66.567 66.286 66.577 66.555 66.413 65.071 66.303 66.473 66.572 66.199 66.569 66.567 60.219 62.427 66.567 66.358 66.555 64.579 66.229 66.551 66.574 66.561 66.193 62.380 64.183 66.567 66.378 61.472 66.568 66.568 66.325 65.294 64.793 65.506 66.552 66.570 66.577 66.555 65.188 66.569 66.235 66.284 66.219 63.650 65.208 
10 66.580 66.576 66.524 66.574 66.570 66.240 66.577 66.584 59.306 66.575 66.588 60.334 66.563 65.083 66.363 65.361 66.581 65.395 61.766 66.508 66.571 63.610 61.688 64.525 66.044 61.588 66.236 66.580 64.556 66.431 62.097 65.648 62.480 66.333 66.256 65.303 66.588 66.540 66.340 66.292 66.582 66.577 66.564 66.567 66.552 66.569 66.565 63.094 65.982 66.580 66.575 66.292 66.584 66.559 66.421 65.078 66.309 66.482 66.580 66.207 66.578 66.576 60.209 62.436 66.576 66.363 66.562 64.587 66.233 66.560 66.582 66.569 66.199 62.386 64.191 66.575 66.391 61.476 66.576 66.577 66.328 65.301 64.801 65.512 66.559 66.578 66.585 66.561 65.201 66.576 66.243 66.291 66.227 63.656 65.212 
11 60.318 60.270 60.352 60.295 60.343 60.410 60.326 60.346 54.999 60.349 60.334 56.596 60.297 59.139 60.280 59.612 60.341 59.740 59.784 60.499 60.333 59.305 56.742 60.243 60.217 60.030 60.315 60.332 60.251 60.186 60.309 60.264 59.953 60.324 60.230 60.244 60.347 60.231 60.105 60.254 60.345 60.386 60.346 60.346 60.364 60.353 60.346 60.266 60.299 60.294 60.332 60.263 60.340 60.288 60.312 60.159 60.392 60.211 60.341 60.214 60.335 60.332 58.871 60.346 60.335 60.307 60.337 60.284 60.188 60.371 60.311 60.289 60.096 60.274 60.319 60.284 60.090 59.916 60.330 60.335 60.343 60.241 60.253 60.308 60.300 60.334 60.344 60.292 60.146 60.329 60.299 60.206 60.283 59.616 59.457 
12 66.561 66.556 66.502 66.553 66.550 66.219 66.558 66.564 59.283 66.556 66.563 60.297 66.553 65.065 66.344 65.340 66.561 65.376 61.748 66.488 66.551 63.589 61.669 64.505 66.027 61.573 66.216 66.560 64.537 66.409 62.078 65.627 62.448 66.313 66.238 65.283 66.568 66.518 66.314 66.274 66.563 66.556 66.544 66.547 66.533 66.548 66.545 63.074 65.962 66.561 66.556 66.273 66.564 66.538 66.400 65.056 66.291 66.457 66.560 66.189 66.557 66.557 60.196 62.415 66.557 66.344 66.542 64.567 66.217 66.539 66.562 66.550 66.180 62.366 64.172 66.555 66.365 61.458 66.557 66.555 66.309 65.280 64.781 65.490 66.540 66.558 66.565 66.542 65.173 66.557 66.224 66.272 66.204 63.638 65.193 
13 65.080 65.075 65.139 65.076 65.072 65.306 65.077 65.084 58.418 65.076 65.083 59.139 65.065 67.500 64.968 64.757 65.081 65.020 60.807 67.341 65.073 63.203 61.213 63.426 65.110 60.527 64.880 65.081 63.458 64.944 60.752 65.068 61.061 65.222 65.427 64.101 65.087 65.054 64.911 65.221 65.082 65.077 65.066 65.069 65.062 65.070 65.066 61.882 65.708 65.080 65.076 65.221 65.084 65.083 65.120 63.923 64.933 64.985 65.079 66.224 65.079 65.076 59.344 60.961 65.076 64.951 65.170 63.489 65.370 65.312 65.082 65.089 67.015 61.154 63.337 65.214 64.897 60.189 65.077 65.077 65.303 64.098 64.035 64.526 65.061 65.078 65.084 65.063 63.998 65.077 64.803 65.220 64.787 62.587 65.138 
14 66.360 66.355 66.306 66.355 66.349 66.175 66.357 66.365 59.219 66.356 66.363 60.280 66.344 64.968 66.386 65.206 66.361 65.348 61.759 66.363 66.351 63.444 61.629 64.423 65.906 61.517 66.155 66.361 64.453 66.208 62.077 65.472 62.402 66.174 66.077 65.113 66.369 66.319 66.111 66.165 66.364 66.358 66.346 66.348 66.342 66.350 66.346 63.053 65.774 66.359 66.355 66.165 66.365 66.341 66.368 64.889 66.320 66.260 66.361 66.122 66.357 66.356 60.210 62.220 66.355 66.315 66.342 64.484 66.108 66.340 66.363 66.369 66.034 62.290 64.063 66.356 66.174 61.459 66.355 66.357 66.327 65.111 64.649 65.326 66.341 66.357 66.365 66.343 65.002 66.355 66.162 66.163 66.145 63.501 65.103 
15 65.357 65.353 65.310 65.353 65.347 65.237 65.355 65.361 61.179 65.352 65.361 59.612 65.340 64.757 65.206 73.778 65.358 65.030 60.987 72.520 65.350 64.171 63.156 65.520 65.312 60.844 65.244 65.358 65.550 65.219 61.307 66.186 61.649 65.275 65.423 65.789 65.365 65.325 65.115 65.136 65.360 65.354 65.342 65.344 65.875 65.347 65.344 62.275 66.172 65.356 65.352 65.135 65.361 65.338 65.254 65.836 65.159 65.251 65.357 68.937 65.356 65.354 59.429 61.574 65.353 65.526 65.342 65.582 66.992 65.348 65.359 65.359 69.746 61.612 64.980 65.428 65.268 60.710 65.352 65.356 65.195 65.785 67.310 65.913 65.337 65.357 65.361 65.338 65.676 65.354 65.260 65.134 65.228 64.853 64.983 
16 66.579 66.574 66.521 66.574 66.569 66.235 66.575 66.583 59.305 66.573 66.581 60.341 66.561 65.081 66.361 65.358 66.588 65.393 61.764 66.505 66.570 63.608 61.686 64.523 66.044 61.587 66.235 66.579 64.554 66.429 62.093 65.646 62.480 66.332 66.255 65.303 66.587 66.537 66.334 66.292 66.581 66.576 66.565 66.566 66.552 66.567 66.564 63.092 65.981 66.579 66.574 66.292 66.583 66.557 66.418 65.074 66.307 66.482 66.581 66.206 66.575 66.575 60.223 62.431 66.575 66.362 66.560 64.585 66.234 66.557 66.581 66.568 66.196 62.383 64.190 66.574 66.398 61.473 66.575 66.575 66.328 65.300 64.800 65.510 66.558 66.576 66.584 66.560 65.193 66.574 66.241 66.290 66.225 63.654 65.211 
17 65.393 65.388 65.554 65.387 65.382 65.428 65.389 65.396 59.212 65.389 65.395 59.740 65.376 65.020 65.348 65.030 65.393 67.429 61.393 67.404 65.384 63.099 61.351 64.156 65.180 61.452 65.282 65.393 64.189 65.240 61.446 65.095 61.750 66.187 66.376 64.763 65.400 65.356 65.529 65.284 65.395 65.389 65.378 65.379 65.373 65.382 65.378 62.710 66.200 65.392 65.390 65.283 65.397 65.387 65.774 64.585 65.304 65.292 65.392 66.583 65.390 65.388 59.872 61.578 65.389 65.298 65.594 64.218 65.571 65.378 65.394 65.390 65.736 61.701 63.846 65.875 65.264 60.840 65.389 65.390 65.516 64.759 64.396 65.046 65.373 65.391 65.397 65.374 64.662 65.388 65.296 65.281 65.281 63.246 66.395 
18 61.764 61.759 61.726 61.759 61.754 61.722 61.760 61.768 56.746 61.760 61.766 59.784 61.748 60.807 61.759 60.987 61.764 61.393 61.857 61.866 61.757 60.628 58.209 61.652 61.732 60.899 61.754 61.764 61.662 61.618 61.108 61.665 61.165 61.812 61.747 61.735 61.771 61.724 61.548 61.783 61.766 61.760 61.747 61.749 61.743 61.752 61.749 61.066 61.856 61.764 61.762 61.784 61.769 61.746 61.761 61.701 61.718 61.677 61.763 61.720 61.761 61.759 60.216 61.138 61.759 61.747 61.760 61.670 61.717 61.757 61.766 61.768 61.613 61.256 61.849 61.760 61.589 60.877 61.761 61.761 61.765 61.733 61.686 61.744 61.744 61.761 61.768 61.748 61.622 61.760 61.757 61.778 61.736 60.974 61.156 
19 66.504 66.500 66.775 66.498 66.494 67.352 66.503 66.507 62.243 66.503 66.508 60.499 66.488 67.341 66.363 72.520 66.505 67.404 61.866 84.561 66.496 67.129 65.523 66.335 67.121 62.344 66.606 66.502 66.370 66.362 62.111 67.901 62.539 68.434 68.186 66.619 66.510 66.472 66.649 66.592 66.506 66.499 66.488 66.490 67.023 66.491 66.488 63.406 72.802 66.503 66.503 66.592 66.508 66.508 67.104 66.670 66.312 66.429 66.503 73.086 66.503 66.501 60.254 62.390 66.502 67.024 66.810 66.399 69.580 66.980 66.505 66.513 73.309 62.551 70.102 67.687 66.464 61.478 66.503 66.503 67.707 66.615 68.151 67.028 66.484 66.503 66.509 66.488 66.516 66.502 66.223 66.589 66.210 65.704 68.368 
20 66.568 66.564 66.512 66.563 66.559 66.231 66.565 66.573 59.303 66.563 66.571 60.333 66.551 65.073 66.351 65.350 66.570 65.384 61.757 66.496 66.573 63.604 61.683 64.515 66.035 61.577 66.226 66.569 64.546 66.423 62.087 65.638 62.473 66.324 66.247 65.294 66.576 66.527 66.322 66.283 66.572 66.565 66.554 66.555 66.541 66.558 66.553 63.083 65.973 66.568 66.564 66.284 66.573 66.549 66.409 65.066 66.297 66.468 66.568 66.197 66.565 66.564 60.211 62.423 66.564 66.351 66.551 64.577 66.225 66.549 66.571 66.557 66.188 62.376 64.180 66.564 66.383 61.472 66.565 66.564 66.317 65.290 64.790 65.502 66.548 66.565 66.573 66.550 65.182 66.564 66.231 66.282 66.216 63.646 65.203 
21 63.606 63.602 63.586 63.600 63.598 64.298 63.605 63.611 58.756 63.602 63.610 59.305 63.589 63.203 63.444 64.171 63.608 63.099 60.628 67.129 63.604 67.338 62.005 64.168 63.790 60.379 63.645 63.608 64.161 63.437 60.782 65.784 60.988 63.629 63.646 64.318 63.615 63.586 63.339 63.546 63.609 63.603 63.592 63.594 63.836 63.597 63.592 61.068 66.609 63.606 63.604 63.546 63.612 63.606 63.471 64.444 63.409 63.519 63.607 64.529 63.604 63.603 59.258 61.020 63.603 63.542 63.604 64.168 64.174 63.957 63.609 63.623 65.373 60.940 63.824 63.603 63.505 60.403 63.605 63.604 64.173 64.315 64.332 64.804 63.587 63.605 63.611 63.589 64.199 63.604 63.361 63.542 63.339 63.485 63.639 
22 61.686 61.680 61.685 61.680 61.680 62.061 61.685 61.688 58.710 61.683 61.688 56.742 61.669 61.213 61.629 63.156 61.686 61.351 58.209 65.523 61.683 62.005 65.595 61.759 61.952 57.815 61.505 61.685 61.787 61.544 58.184 63.112 58.274 61.931 61.545 61.958 61.691 61.655 61.531 61.702 61.688 61.688 61.674 61.677 62.136 61.679 61.675 58.783 63.741 61.683 61.681 61.702 61.689 61.690 61.633 61.984 61.604 61.576 61.685 62.401 61.684 61.684 56.747 58.367 61.680 61.635 61.715 61.808 62.755 61.807 61.686 61.706 64.164 58.480 61.072 61.682 61.489 57.875 61.681 61.682 62.080 61.956 62.241 62.401 61.670 61.682 61.691 61.672 61.853 61.683 61.495 61.700 61.473 61.035 61.568 
23 64.521 64.518 64.476 64.518 64.511 64.471 64.519 64.527 59.819 64.521 64.525 60.243 64.505 63.426 64.423 65.520 64.523 64.156 61.652 66.335 64.515 64.168 61.759 66.325 64.512 61.347 64.475 64.523 66.276 64.373 61.911 66.038 62.226 64.482 64.498 65.831 64.531 64.484 64.286 64.310 64.525 64.519 64.507 64.509 64.758 64.511 64.508 62.662 65.773 64.523 64.518 64.311 64.528 64.508 64.431 66.084 64.377 64.423 64.522 65.188 64.520 64.518 60.184 62.126 64.519 64.466 64.512 66.283 64.811 64.510 64.525 64.527 65.746 62.171 63.693 64.518 64.402 61.356 64.520 64.520 64.440 65.828 66.174 65.827 64.501 64.521 64.526 64.503 65.726 64.520 64.477 64.307 64.450 65.377 63.967 
24 66.043 66.038 65.999 66.038 66.033 65.892 66.039 66.047 59.428 66.038 66.044 60.217 66.027 65.110 65.906 65.312 66.044 65.180 61.732 67.121 66.035 63.790 61.952 64.512 67.196 61.670 65.838 66.043 64.541 65.901 61.782 65.720 62.133 66.341 66.153 65.246 66.050 66.015 65.959 66.296 66.045 66.040 66.028 66.030 66.212 66.032 66.028 62.663 66.369 66.042 66.039 66.296 66.047 66.030 66.164 65.062 65.861 65.951 66.042 66.170 66.040 66.039 60.178 62.060 66.039 66.107 66.026 64.573 66.693 66.173 66.045 66.064 66.464 62.343 64.276 66.320 65.898 61.271 66.039 66.038 65.916 65.242 64.902 65.435 66.023 66.040 66.047 66.027 65.133 66.038 65.792 66.296 65.774 63.684 64.997 
25 61.585 61.584 61.580 61.581 61.574 61.498 61.584 61.588 56.558 61.583 61.588 60.030 61.573 60.527 61.517 60.844 61.587 61.452 60.899 62.344 61.577 60.379 57.815 61.347 61.670 61.989 61.523 61.586 61.360 61.437 61.479 61.385 61.425 61.973 62.194 61.453 61.592 61.535 61.477 61.643 61.587 61.580 61.572 61.574 61.571 61.577 61.574 61.434 62.164 61.586 61.579 61.641 61.589 61.569 61.867 61.419 61.503 61.501 61.584 61.937 61.583 61.580 60.047 61.595 61.581 61.581 61.632 61.365 61.861 61.572 61.586 61.590 61.520 61.637 61.788 62.193 61.411 61.036 61.580 61.583 61.556 61.449 61.439 61.459 61.568 61.583 61.589 61.569 61.352 61.582 61.528 61.637 61.508 60.759 60.939 
26 66.233 66.229 66.176 66.227 66.222 66.133 66.231 66.238 59.250 66.227 66.236 60.315 66.216 64.880 66.155 65.244 66.235 65.282 61.754 66.606 66.226 63.645 61.505 64.475 65.838 61.523 66.578 66.234 64.504 66.092 62.083 65.409 62.450 66.062 65.987 65.160 66.242 66.195 65.983 66.024 66.236 66.230 66.218 66.220 66.207 66.222 66.219 63.068 66.079 66.233 66.228 66.024 66.238 66.211 66.175 64.930 66.103 66.125 66.234 66.242 66.229 66.229 60.207 62.286 66.229 66.104 66.214 64.536 65.934 66.428 66.236 66.230 65.942 62.322 64.384 66.228 66.038 61.464 66.228 66.229 66.133 65.156 64.695 65.330 66.212 66.230 66.239 66.215 65.061 66.229 66.209 66.022 66.180 63.555 65.357 
27 66.578 66.573 66.521 66.571 66.568 66.237 66.575 66.583 59.304 66.573 66.580 60.332 66.560 65.081 66.361 65.358 66.579 65.393 61.764 66.502 66.569 63.608 61.685 64.523 66.043 61.586 66.234 66.583 64.554 66.430 62.095 65.645 62.474 66.330 66.255 65.300 66.586 66.537 66.334 66.291 66.582 66.574 66.562 66.564 66.550 66.567 66.563 63.092 65.980 66.578 66.573 66.291 66.583 66.556 66.418 65.075 66.306 66.478 66.578 66.205 66.575 66.574 60.221 62.433 66.574 66.361 66.560 64.585 66.233 66.556 66.581 66.568 66.197 62.384 64.189 66.573 66.393 61.474 66.575 66.574 66.326 65.297 64.799 65.508 66.558 66.576 66.583 66.561 65.198 66.575 66.241 66.290 66.224 63.654 65.209 
28 64.553 64.549 64.506 64.548 64.545 64.494 64.550 64.557 59.847 64.549 64.556 60.251 64.537 63.458 64.453 65.550 64.554 64.189 61.662 66.370 64.546 64.161 61.787 66.276 64.541 61.360 64.504 64.554 66.367 64.406 61.920 66.102 62.229 64.514 64.532 65.883 64.561 64.515 64.326 64.340 64.555 64.552 64.539 64.541 64.791 64.543 64.539 62.674 65.837 64.553 64.551 64.340 64.558 64.536 64.462 66.134 64.405 64.449 64.553 65.219 64.550 64.548 60.178 62.140 64.549 64.499 64.542 66.351 64.841 64.542 64.556 64.557 65.775 62.181 63.702 64.551 64.432 61.367 64.550 64.550 64.473 65.880 66.252 65.890 64.534 64.551 64.557 64.536 65.780 64.549 64.508 64.337 64.483 65.398 64.000 
29 66.406 66.428 66.366 66.426 66.418 66.090 66.425 66.434 59.150 66.424 66.431 60.186 66.409 64.944 66.208 65.219 66.429 65.240 61.618 66.362 66.423 63.437 61.544 64.373 65.901 61.437 66.092 66.430 64.406 65.861 61.927 65.498 62.335 66.177 66.109 65.147 66.438 66.382 66.187 66.144 66.433 66.427 66.411 66.415 66.402 66.420 66.413 62.938 65.834 66.430 66.425 66.144 66.429 66.398 66.271 64.921 66.164 66.301 66.430 66.058 66.419 66.419 60.031 62.277 66.423 66.202 66.412 64.439 66.082 66.403 66.432 66.418 66.047 62.219 64.041 66.421 66.040 61.326 66.425 66.417 66.174 65.150 64.667 65.360 66.408 66.417 66.433 66.391 64.888 66.413 66.084 66.144 66.059 63.494 65.068 
30 62.093 62.089 62.052 62.089 62.083 62.046 62.090 62.097 57.032 62.089 62.097 60.309 62.078 60.752 62.077 61.307 62.093 61.446 61.108 62.111 62.087 60.782 58.184 61.911 61.782 61.479 62.083 62.095 61.920 61.927 62.052 61.896 61.861 61.986 61.941 61.970 62.101 62.057 61.843 61.915 62.096 62.090 62.077 62.081 62.074 62.082 62.078 61.908 62.080 62.094 62.091 61.915 62.098 62.076 62.080 61.925 62.045 61.975 62.092 62.039 62.090 62.088 60.143 62.069 62.090 62.064 62.090 61.927 61.875 62.083 62.095 62.097 61.763 61.893 62.083 62.092 61.871 61.436 62.092 62.091 62.084 61.966 61.912 61.977 62.074 62.092 62.097 62.076 61.854 62.090 62.086 61.909 62.063 61.238 61.096 
31 65.645 65.640 65.600 65.639 65.636 65.858 65.642 65.650 59.909 65.645 65.648 60.264 65.627 65.068 65.472 66.186 65.646 65.095 61.665 67.901 65.638 65.784 63.112 66.038 65.720 61.385 65.409 65.645 66.102 65.498 61.896 68.019 62.247 65.642 65.674 66.414 65.653 65.608 65.417 65.558 65.648 65.644 65.629 65.631 65.855 65.633 65.630 62.680 67.558 65.645 65.644 65.559 65.650 65.650 65.511 66.568 65.424 65.547 65.646 66.182 65.642 65.640 60.157 62.199 65.641 65.541 65.636 66.130 66.083 65.727 65.648 65.661 67.229 62.206 64.395 65.643 65.519 61.339 65.644 65.643 65.808 66.411 66.262 66.901 65.624 65.643 65.650 65.626 66.303 65.642 65.406 65.554 65.376 65.204 65.137 
32 62.477 62.469 62.435 62.472 62.475 62.447 62.467 62.487 56.960 62.476 62.480 59.953 62.448 61.061 62.402 61.649 62.480 61.750 61.165 62.539 62.473 60.988 58.274 62.226 62.133 61.425 62.450 62.474 62.229 62.335 61.861 62.247 61.558 62.310 62.258 62.304 62.492 62.438 62.238 62.248 62.484 62.491 62.449 62.450 62.437 62.452 62.448 61.932 62.463 62.479 62.474 62.260 62.485 62.463 62.430 62.240 62.378 62.364 62.478 62.369 62.472 62.471 60.005 62.048 62.474 62.394 62.476 62.242 62.225 62.466 62.482 62.486 62.110 61.861 62.457 62.471 62.267 61.322 62.473 62.475 62.436 62.298 62.216 62.332 62.446 62.478 62.488 62.450 62.193 62.473 62.451 62.252 62.421 61.544 61.366 
33 66.330 66.327 66.506 66.325 66.315 66.113 66.327 66.335 59.270 66.327 66.333 60.324 66.313 65.222 66.174 65.275 66.332 66.187 61.812 68.434 66.324 63.629 61.931 64.482 66.341 61.973 66.062 66.330 64.514 66.177 61.986 65.642 62.310 68.497 66.768 65.270 66.338 66.292 66.441 66.451 66.333 66.327 66.313 66.314 66.339 66.317 66.314 63.153 67.309 66.330 66.327 66.450 66.335 66.314 66.662 65.046 66.123 66.225 66.331 67.076 66.326 66.325 60.197 62.286 66.326 66.230 66.547 64.543 66.448 66.363 66.332 66.340 66.394 62.507 65.368 66.694 66.149 61.445 66.328 66.328 66.327 65.268 64.809 65.462 66.311 66.329 66.335 66.313 65.163 66.327 66.053 66.448 66.023 63.640 65.574 
34 66.253 66.249 66.341 66.249 66.243 66.110 66.251 66.258 59.290 66.249 66.256 60.230 66.238 65.427 66.077 65.423 66.255 66.376 61.747 68.186 66.247 63.646 61.545 64.498 66.153 62.194 65.987 66.255 64.532 66.109 61.941 65.674 62.258 66.768 68.263 65.279 66.262 66.215 66.188 66.144 66.257 66.251 66.238 66.239 66.234 66.243 66.239 63.131 66.700 66.254 66.250 66.144 66.258 66.241 66.555 65.065 66.030 66.157 66.254 66.996 66.250 66.249 60.203 62.209 66.250 66.198 66.385 64.562 66.677 66.234 66.256 66.250 66.388 62.311 64.477 67.381 66.090 61.302 66.250 66.250 66.258 65.276 64.819 65.543 66.234 66.251 66.258 66.237 65.173 66.251 66.003 66.143 65.983 63.662 66.068 
35 65.301 65.295 65.256 65.295 65.291 65.157 65.297 65.305 59.884 65.297 65.303 60.244 65.283 64.101 65.113 65.789 65.303 64.763 61.735 66.619 65.294 64.318 61.958 65.831 65.246 61.453 65.160 65.300 65.883 65.147 61.970 66.414 62.304 65.270 65.279 66.667 65.309 65.261 65.069 65.099 65.304 65.299 65.287 65.289 65.470 65.291 65.288 62.809 66.422 65.300 65.299 65.101 65.305 65.282 65.154 66.416 65.068 65.204 65.301 65.682 65.299 65.297 60.201 62.275 65.297 65.196 65.290 65.912 65.433 65.288 65.303 65.303 66.137 62.282 63.945 65.296 65.160 61.412 65.298 65.299 65.121 66.658 66.089 66.572 65.281 65.299 65.306 65.283 66.554 65.297 65.168 65.097 65.139 64.977 64.579 
36 66.586 66.580 66.528 66.580 66.575 66.244 66.582 66.591 59.311 66.580 66.588 60.347 66.568 65.087 66.369 65.365 66.587 65.400 61.771 66.510 66.576 63.615 61.691 64.531 66.050 61.592 66.242 66.586 64.561 66.438 62.101 65.653 62.492 66.338 66.262 65.309 66.596 66.543 66.341 66.298 66.589 66.582 66.570 66.572 66.558 66.574 66.571 63.100 65.987 66.585 66.580 66.298 66.590 66.564 66.426 65.081 66.312 66.485 66.585 66.213 66.583 66.582 60.228 62.441 66.581 66.369 66.567 64.593 66.240 66.563 66.588 66.575 66.203 62.391 64.196 66.580 66.401 61.480 66.581 66.582 66.334 65.306 64.807 65.516 66.565 66.583 66.591 66.568 65.204 66.581 66.248 66.296 66.232 63.663 65.218 
37 66.535 66.524 66.512 66.530 66.525 66.231 66.534 66.541 59.275 66.531 66.540 60.231 66.518 65.054 66.319 65.325 66.537 65.356 61.724 66.472 66.527 63.586 61.655 64.484 66.015 61.535 66.195 66.537 64.515 66.382 62.057 65.608 62.438 66.292 66.215 65.261 66.543 66.526 66.237 66.250 66.539 66.532 66.520 66.522 66.515 66.525 66.520 63.055 65.943 66.528 66.531 66.253 66.541 66.516 66.377 65.037 66.277 66.448 66.535 66.169 66.533 66.532 60.187 62.394 66.532 66.323 66.520 64.545 66.199 66.518 66.537 66.525 66.173 62.344 64.149 66.531 66.367 61.427 66.531 66.534 66.287 65.260 64.761 65.472 66.513 66.534 66.541 66.516 65.131 66.533 66.201 66.245 66.187 63.619 65.172 
38 66.333 66.318 66.282 66.325 66.320 66.013 66.312 66.337 59.065 66.327 66.340 60.105 66.314 64.911 66.111 65.115 66.334 65.529 61.548 66.649 66.322 63.339 61.531 64.286 65.959 61.477 65.983 66.334 64.326 66.187 61.843 65.417 62.238 66.441 66.188 65.069 66.341 66.237 65.821 66.101 66.335 66.329 66.316 66.313 66.298 66.320 66.309 62.848 66.009 66.325 66.314 66.114 66.338 66.319 66.385 64.836 66.108 66.245 66.333 66.245 66.330 66.312 59.718 62.184 66.313 66.110 66.315 64.348 66.043 66.316 66.337 66.323 66.067 62.169 64.082 66.404 65.577 61.236 66.318 66.317 66.083 65.063 64.548 65.280 66.302 66.315 66.338 66.314 64.905 66.318 65.997 66.102 65.989 63.391 65.093 
39 66.290 66.285 66.240 66.285 66.282 66.094 66.286 66.294 59.149 66.286 66.292 60.254 66.274 65.221 66.165 65.136 66.292 65.284 61.783 66.592 66.283 63.546 61.702 64.310 66.296 61.643 66.024 66.291 64.340 66.144 61.915 65.558 62.248 66.451 66.144 65.099 66.298 66.250 66.101 66.668 66.293 66.288 66.275 66.278 66.277 66.280 66.277 62.875 66.017 66.290 66.288 66.664 66.295 66.283 66.310 64.875 66.123 66.194 66.290 66.097 66.288 66.286 60.215 62.173 66.286 66.216 66.274 64.371 66.373 66.354 66.292 66.301 66.294 62.546 64.099 66.356 66.120 61.403 66.287 66.287 66.145 65.096 64.615 65.333 66.270 66.288 66.295 66.273 64.984 66.287 65.999 66.654 65.985 63.465 65.076 
40 66.579 66.575 66.523 66.575 66.569 66.238 66.576 66.585 59.306 66.575 66.582 60.345 66.563 65.082 66.364 65.360 66.581 65.395 61.766 66.506 66.572 63.609 61.688 64.525 66.045 61.587 66.236 66.582 64.555 66.433 62.096 65.648 62.484 66.333 66.257 65.304 66.589 66.539 66.335 66.293 66.586 66.578 66.565 66.567 66.552 66.569 66.565 63.094 65.983 66.580 66.575 66.293 66.584 66.559 66.421 65.075 66.308 66.480 66.581 66.208 66.577 66.575 60.225 62.433 66.576 66.364 66.562 64.587 66.235 66.557 66.583 66.570 66.198 62.386 64.191 66.576 66.398 61.475 66.576 66.577 66.329 65.301 64.800 65.511 66.559 66.578 66.585 66.561 65.202 66.576 66.243 66.291 66.226 63.658 65.213 
41 66.574 66.569 66.516 66.569 66.564 66.229 66.571 66.578 59.300 66.570 66.577 60.386 66.556 65.077 66.358 65.354 66.576 65.389 61.760 66.499 66.565 63.603 61.688 64.519 66.040 61.580 66.230 66.574 64.552 66.427 62.090 65.644 62.491 66.327 66.251 65.299 66.582 66.532 66.329 66.288 66.578 66.576 66.558 66.560 66.546 66.563 66.559 63.087 65.978 66.574 66.570 66.287 66.579 66.556 66.415 65.073 66.301 66.474 66.575 66.203 66.571 66.570 60.218 62.427 66.570 66.357 66.556 64.581 66.229 66.553 66.577 66.564 66.193 62.379 64.185 66.571 66.382 61.471 66.571 66.571 66.323 65.296 64.795 65.506 66.554 66.572 66.579 66.555 65.199 66.570 66.239 66.286 66.221 63.652 65.208 
42 66.561 66.557 66.505 66.557 66.549 66.223 66.559 66.566 59.286 66.558 66.564 60.346 66.544 65.066 66.346 65.342 66.565 65.378 61.747 66.488 66.554 63.592 61.674 64.507 66.028 61.572 66.218 66.562 64.539 66.411 62.077 65.629 62.449 66.313 66.238 65.287 66.570 66.520 66.316 66.275 66.565 66.558 66.555 66.549 66.535 66.552 66.549 63.076 65.964 66.562 66.556 66.275 66.566 66.544 66.403 65.063 66.290 66.456 66.563 66.190 66.557 66.557 60.203 62.417 66.557 66.346 66.544 64.568 66.218 66.542 66.565 66.551 66.181 62.370 64.172 66.557 66.378 61.458 66.558 66.559 66.312 65.285 64.784 65.492 66.542 66.560 66.566 66.543 65.185 66.558 66.226 66.274 66.209 63.635 65.196 
43 66.563 66.560 66.508 66.558 66.551 66.225 66.561 66.568 59.291 66.559 66.567 60.346 66.547 65.069 66.348 65.344 66.566 65.379 61.749 66.490 66.555 63.594 61.677 64.509 66.030 61.574 66.220 66.564 64.541 66.415 62.081 65.631 62.450 66.314 66.239 65.289 66.572 66.522 66.313 66.278 66.567 66.560 66.549 66.559 66.537 66.553 66.549 63.077 65.966 66.563 66.558 66.277 66.568 66.546 66.404 65.065 66.291 66.458 66.565 66.192 66.559 66.559 60.205 62.419 66.559 66.348 66.545 64.571 66.219 66.543 66.566 66.553 66.184 62.371 64.175 66.559 66.375 61.460 66.560 66.561 66.313 65.285 64.786 65.494 66.544 66.562 66.568 66.545 65.184 66.560 66.228 66.276 66.212 63.637 65.198 
44 66.549 66.545 66.501 66.545 66.537 66.226 66.547 66.554 59.543 66.545 66.552 60.364 66.533 65.062 66.342 65.875 66.552 65.373 61.743 67.023 66.541 63.836 62.136 64.758 66.212 61.571 66.207 66.550 64.791 66.402 62.074 65.855 62.437 66.339 66.234 65.470 66.558 66.515 66.298 66.277 66.552 66.546 66.535 66.537 67.088 66.539 66.535 63.071 66.184 66.549 66.544 66.277 66.553 66.532 66.397 65.290 66.288 66.448 66.551 66.254 66.545 66.546 60.199 62.407 66.545 66.343 66.531 64.820 66.689 66.530 66.552 66.539 66.710 62.371 64.702 66.546 66.369 61.455 66.545 66.547 66.306 65.466 65.205 65.674 66.530 66.548 66.553 66.532 65.366 66.547 66.214 66.275 66.199 63.930 65.191 
45 66.565 66.563 66.510 66.561 66.553 66.227 66.564 66.570 59.294 66.561 66.569 60.353 66.548 65.070 66.350 65.347 66.567 65.382 61.752 66.491 66.558 63.597 61.679 64.511 66.032 61.577 66.222 66.567 64.543 66.420 62.082 65.633 62.452 66.317 66.243 65.291 66.574 66.525 66.320 66.280 66.569 66.563 66.552 66.553 66.539 66.562 66.553 63.080 65.968 66.567 66.561 66.279 66.570 66.549 66.407 65.067 66.294 66.459 66.567 66.195 66.562 66.562 60.208 62.422 66.561 66.350 66.548 64.573 66.222 66.546 66.569 66.556 66.185 62.375 64.178 66.561 66.384 61.463 66.563 66.563 66.315 65.288 64.789 65.496 66.546 66.564 66.570 66.548 65.189 66.563 66.230 66.278 66.215 63.643 65.200 
46 66.563 66.559 66.506 66.558 66.549 66.224 66.560 66.567 59.291 66.558 66.565 60.346 66.545 65.066 66.346 65.344 66.564 65.378 61.749 66.488 66.553 63.592 61.675 64.508 66.028 61.574 66.219 66.563 64.539 66.413 62.078 65.630 62.448 66.314 66.239 65.288 66.571 66.520 66.309 66.277 66.565 66.559 66.549 66.549 66.535 66.553 66.556 63.076 65.964 66.563 66.557 66.276 66.566 66.544 66.403 65.063 66.291 66.456 66.564 66.191 66.558 66.558 60.205 62.418 66.558 66.346 66.544 64.569 66.219 66.543 66.565 66.552 66.181 62.370 64.173 66.558 66.371 61.458 66.558 66.560 66.312 65.285 64.785 65.492 66.543 66.561 66.567 66.544 65.187 66.559 66.227 66.274 66.210 63.636 65.196 
47 63.090 63.088 63.334 63.086 63.082 63.057 63.088 63.096 57.597 63.086 63.094 60.266 63.074 61.882 63.053 62.275 63.092 62.710 61.066 63.406 63.083 61.068 58.783 62.662 62.663 61.434 63.068 63.092 62.674 62.938 61.908 62.680 61.932 63.153 63.131 62.809 63.100 63.055 62.848 62.875 63.094 63.087 63.076 63.077 63.071 63.080 63.076 63.363 63.186 63.091 63.088 62.874 63.096 63.072 63.057 62.750 63.014 62.982 63.091 63.178 63.087 63.083 60.146 61.982 63.086 63.044 63.390 62.681 62.866 63.077 63.094 63.084 62.825 61.847 62.814 63.096 62.888 61.329 63.087 63.087 63.150 62.806 62.643 62.769 63.070 63.088 63.096 63.072 62.696 63.086 63.071 62.869 63.044 61.910 62.439 
48 65.979 65.975 66.209 65.974 65.970 66.505 65.975 65.984 59.826 65.976 65.982 60.299 65.962 65.708 65.774 66.172 65.981 66.200 61.856 72.802 65.973 66.609 63.741 65.773 66.369 62.164 66.079 65.980 65.837 65.834 62.080 67.558 62.463 67.309 66.700 66.422 65.987 65.943 66.009 66.017 65.983 65.978 65.964 65.966 66.184 65.968 65.964 63.186 73.068 65.980 65.977 66.017 65.984 65.979 66.188 66.314 65.728 65.875 65.980 68.052 65.976 65.975 60.206 62.419 65.974 65.892 66.250 65.868 66.826 66.446 65.982 65.978 67.714 62.514 67.178 66.564 65.817 61.481 65.977 65.976 66.938 66.419 66.155 66.842 65.960 65.976 65.984 65.963 66.316 65.975 65.696 66.014 65.667 64.983 67.051 
49 66.578 66.570 66.519 66.571 66.566 66.238 66.574 66.582 59.297 66.571 66.580 60.294 66.561 65.080 66.359 65.356 66.579 65.392 61.764 66.503 66.568 63.606 61.683 64.523 66.042 61.586 66.233 66.578 64.553 66.430 62.094 65.645 62.479 66.330 66.254 65.300 66.585 66.528 66.325 66.290 66.580 66.574 66.562 66.563 66.549 66.567 66.563 63.091 65.980 66.580 66.573 66.290 66.582 66.554 66.418 65.075 66.305 66.479 66.577 66.205 66.575 66.573 60.219 62.432 66.573 66.361 66.559 64.584 66.231 66.556 66.579 66.566 66.196 62.383 64.188 66.571 66.391 61.474 66.573 66.573 66.325 65.297 64.797 65.508 66.557 66.574 66.582 66.559 65.187 66.573 66.239 66.286 66.224 63.655 65.209 
50 66.572 66.568 66.515 66.566 66.562 66.234 66.569 66.577 59.299 66.567 66.575 60.332 66.556 65.076 66.355 65.352 66.574 65.390 61.762 66.503 66.564 63.604 61.681 64.518 66.039 61.579 66.228 66.573 64.551 66.425 62.091 65.644 62.474 66.327 66.250 65.299 66.580 66.531 66.314 66.288 66.575 66.570 66.556 66.558 66.544 66.561 66.557 63.088 65.977 66.573 66.579 66.287 66.577 66.551 66.413 65.073 66.302 66.475 66.572 66.202 66.569 66.568 60.214 62.430 66.567 66.356 66.554 64.581 66.230 66.551 66.574 66.562 66.194 62.380 64.185 66.570 66.374 61.471 66.570 66.569 66.321 65.296 64.795 65.506 66.551 66.571 66.577 66.554 65.198 66.568 66.238 66.286 66.218 63.649 65.208 
51 66.290 66.286 66.240 66.284 66.280 66.091 66.287 66.294 59.148 66.286 66.292 60.263 66.273 65.221 66.165 65.135 66.292 65.283 61.784 66.592 66.284 63.546 61.702 64.311 66.296 61.641 66.024 66.291 64.340 66.144 61.915 65.559 62.260 66.450 66.144 65.101 66.298 66.253 66.114 66.664 66.293 66.287 66.275 66.277 66.277 66.279 66.276 62.874 66.017 66.290 66.287 66.669 66.294 66.284 66.311 64.874 66.123 66.191 66.290 66.095 66.287 66.286 60.214 62.172 66.286 66.216 66.274 64.372 66.373 66.353 66.293 66.301 66.294 62.544 64.101 66.355 66.115 61.402 66.288 66.287 66.145 65.098 64.614 65.334 66.270 66.288 66.295 66.274 64.997 66.286 66.000 66.654 65.986 63.467 65.076 
52 66.582 66.578 66.524 66.577 66.571 66.239 66.579 66.586 59.308 66.577 66.584 60.340 66.564 65.084 66.365 65.361 66.583 65.397 61.769 66.508 66.573 63.612 61.689 64.528 66.047 61.589 66.238 66.583 64.558 66.429 62.098 65.650 62.485 66.335 66.258 65.305 66.590 66.541 66.338 66.295 66.584 66.579 66.566 66.568 66.553 66.570 66.566 63.096 65.984 66.582 66.577 66.294 66.590 66.561 66.422 65.078 66.310 66.483 66.583 66.208 66.579 66.578 60.226 62.437 66.578 66.364 66.563 64.589 66.237 66.560 66.584 66.572 66.200 62.388 64.193 66.577 66.399 61.478 66.578 66.578 66.331 65.302 64.803 65.513 66.562 66.580 66.587 66.564 65.204 66.577 66.244 66.293 66.229 63.658 65.215 
53 66.556 66.550 66.500 66.550 66.549 66.247 66.554 66.560 59.288 66.555 66.559 60.288 66.538 65.083 66.341 65.338 66.557 65.387 61.746 66.508 66.549 63.606 61.690 64.508 66.030 61.569 66.211 66.556 64.536 66.398 62.076 65.650 62.463 66.314 66.241 65.282 66.564 66.516 66.319 66.283 66.559 66.556 66.544 66.546 66.532 66.549 66.544 63.072 65.979 66.554 66.551 66.284 66.561 66.577 66.397 65.058 66.286 66.455 66.557 66.186 66.554 66.552 60.208 62.413 66.551 66.344 66.538 64.565 66.232 66.547 66.559 66.546 66.198 62.366 64.175 66.551 66.363 61.457 66.552 66.553 66.322 65.280 64.783 65.502 66.537 66.554 66.561 66.539 65.166 66.553 66.220 66.281 66.206 63.639 65.207 
54 66.418 66.413 66.364 66.411 66.407 66.208 66.415 66.422 59.234 66.413 66.421 60.312 66.400 65.120 66.368 65.254 66.418 65.774 61.761 67.104 66.409 63.471 61.633 64.431 66.164 61.867 66.175 66.418 64.462 66.271 62.080 65.511 62.430 66.662 66.555 65.154 66.426 66.377 66.385 66.310 66.421 66.415 66.403 66.404 66.397 66.407 66.403 63.057 66.188 66.418 66.413 66.311 66.422 66.397 67.128 64.925 66.314 66.318 66.418 66.742 66.414 66.414 60.217 62.280 66.413 66.349 66.401 64.493 66.432 66.399 66.419 66.427 66.235 62.434 64.128 66.788 66.234 61.463 66.415 66.414 66.342 65.152 64.706 65.369 66.396 66.415 66.422 66.399 65.050 66.415 66.182 66.309 66.165 63.550 65.105 
55 65.075 65.071 65.030 65.067 65.068 64.931 65.071 65.078 59.945 65.071 65.078 60.159 65.056 63.923 64.889 65.836 65.074 64.585 61.701 66.670 65.066 64.444 61.984 66.084 65.062 61.419 64.930 65.075 66.134 64.921 61.925 66.568 62.240 65.046 65.065 66.416 65.081 65.037 64.836 64.875 65.075 65.073 65.063 65.065 65.290 65.067 65.063 62.750 66.314 65.075 65.073 64.874 65.078 65.058 64.925 66.688 64.846 64.980 65.074 65.559 65.070 65.070 60.174 62.231 65.071 64.979 65.065 66.165 65.312 65.063 65.076 65.078 66.145 62.237 63.894 65.073 64.945 61.372 65.072 65.070 64.896 66.413 66.315 66.343 65.059 65.072 65.078 65.061 66.316 65.070 64.942 64.872 64.913 65.238 64.440 
56 66.306 66.301 66.265 66.301 66.296 66.142 66.304 66.310 59.193 66.303 66.309 60.392 66.291 64.933 66.320 65.159 66.307 65.304 61.718 66.312 66.297 63.409 61.604 64.377 65.861 61.503 66.103 66.306 64.405 66.164 62.045 65.424 62.378 66.123 66.030 65.068 66.312 66.277 66.108 66.123 66.308 66.301 66.290 66.291 66.288 66.294 66.291 63.014 65.728 66.305 66.302 66.123 66.310 66.286 66.314 64.846 66.295 66.218 66.306 66.075 66.304 66.304 60.235 62.185 66.303 66.263 66.288 64.433 66.062 66.292 66.308 66.316 65.990 62.251 64.017 66.303 66.143 61.447 66.304 66.304 66.275 65.066 64.602 65.275 66.290 66.304 66.311 66.292 64.971 66.304 66.113 66.115 66.094 63.462 65.059 
57 66.476 66.474 66.417 66.471 66.461 66.162 66.474 66.482 59.200 66.473 66.482 60.211 66.457 64.985 66.260 65.251 66.482 65.292 61.677 66.429 66.468 63.519 61.576 64.423 65.951 61.501 66.125 66.478 64.449 66.301 61.975 65.547 62.364 66.225 66.157 65.204 66.485 66.448 66.245 66.194 66.480 66.474 66.456 66.458 66.448 66.459 66.456 62.982 65.875 66.479 66.475 66.191 66.483 66.455 66.318 64.980 66.218 65.976 66.477 66.108 66.465 66.464 59.981 62.336 66.473 66.261 66.453 64.485 66.141 66.449 66.480 66.467 66.104 62.291 64.091 66.471 66.077 61.387 66.473 66.469 66.229 65.199 64.707 65.407 66.455 66.467 66.482 66.460 65.099 66.473 66.140 66.192 66.104 63.562 65.111 
58 66.577 66.572 66.519 66.571 66.567 66.237 66.574 66.583 59.303 66.572 66.580 60.341 66.560 65.079 66.361 65.357 66.581 65.392 61.763 66.503 66.568 63.607 61.685 64.522 66.042 61.584 66.234 66.578 64.553 66.430 62.092 65.646 62.478 66.331 66.254 65.301 66.585 66.535 66.333 66.290 66.581 66.575 66.563 66.565 66.551 66.567 66.564 63.091 65.980 66.577 66.572 66.290 66.583 66.557 66.418 65.074 66.306 66.477 66.584 66.205 66.573 66.573 60.221 62.431 66.573 66.361 66.559 64.584 66.232 66.555 66.580 66.566 66.195 62.383 64.188 66.573 66.393 61.473 66.573 66.574 66.326 65.298 64.799 65.509 66.556 66.575 66.582 66.558 65.196 66.573 66.241 66.288 66.223 63.654 65.209 
