86.897 87.234 78.108 87.408 87.275 89.035 87.011 87.235 87.759 87.342 87.110 84.118 87.521 77.960 77.959 87.669 87.016 87.997 80.746 89.317 87.739 88.703 88.764 87.820 87.678 87.331 80.187 87.150 87.257 87.223 87.289 88.449 86.474 87.305 77.040 88.041 87.129 77.884 82.663 87.176 87.076 87.116 87.349 87.363 87.114 87.450 87.278 88.219 88.399 87.375 87.348 87.137 87.162 88.566 87.444 87.628 87.548 84.493 87.275 88.560 87.435 87.075 87.018 87.510 87.370 77.892 87.161 87.720 87.664 87.931 87.090 87.465 87.489 87.134 87.870 87.234 80.148 87.330 87.172 87.128 88.129 87.809 87.490 88.179 78.006 87.072 87.221 87.179 87.731 86.952 87.149 87.210 82.651 77.776 87.546 
87.234 86.658 77.767 87.128 87.166 88.903 86.998 87.085 87.537 87.039 87.060 84.107 87.229 77.901 77.890 87.581 86.958 87.779 80.669 89.113 87.748 88.578 88.507 87.651 87.214 87.144 80.155 86.966 87.005 87.085 87.038 88.209 86.407 87.288 76.952 87.793 86.934 77.771 82.655 87.010 87.049 86.972 87.072 87.249 87.129 87.357 87.127 87.826 88.274 87.145 87.161 86.963 86.906 88.391 87.170 87.465 87.417 84.640 86.934 88.408 87.231 86.973 87.002 87.544 87.121 77.854 87.055 87.589 87.451 87.722 86.945 87.121 87.319 86.964 87.816 87.169 79.908 87.274 87.065 87.177 87.926 87.850 87.292 87.737 77.977 86.930 87.118 86.996 87.875 86.952 87.101 86.968 82.513 77.747 87.310 
78.108 77.767 77.871 78.014 78.203 78.625 78.178 78.094 78.002 78.051 78.177 75.095 78.172 77.580 77.567 78.270 78.094 78.227 75.341 78.648 78.322 78.455 78.473 78.258 78.058 78.199 77.618 78.040 78.027 78.196 77.431 78.466 77.234 78.172 76.744 78.175 78.041 77.451 77.821 78.020 78.045 78.038 78.035 78.228 78.214 78.124 78.178 78.221 77.998 78.094 78.068 78.198 78.067 78.515 78.075 78.075 78.008 75.363 78.019 78.402 78.191 78.187 78.106 78.142 78.181 76.232 77.971 78.171 78.222 78.309 78.081 78.069 78.289 78.218 78.444 78.196 70.764 78.247 78.044 78.137 78.357 78.354 78.204 78.225 77.649 77.931 78.154 78.138 78.333 78.034 78.077 77.936 77.076 77.216 78.094 
87.408 87.128 78.014 87.126 87.117 88.820 87.029 87.007 87.695 87.410 87.109 84.136 87.447 77.973 77.880 87.817 86.929 87.764 80.712 89.149 87.538 88.576 88.640 87.638 87.608 87.467 80.072 86.654 87.081 87.142 87.054 88.293 86.599 87.030 76.952 87.687 86.755 77.826 82.703 86.985 86.665 86.641 87.245 87.357 87.017 87.365 87.130 88.017 88.165 86.995 87.052 86.966 86.766 88.442 87.115 87.516 87.343 84.455 87.226 88.401 87.545 86.962 87.018 87.597 87.477 77.819 87.105 87.508 87.624 87.909 86.817 87.306 87.523 87.018 87.746 87.023 79.868 87.296 86.954 87.088 87.905 87.781 87.575 87.991 77.941 86.943 87.163 87.048 87.627 86.694 87.126 87.125 82.562 77.749 87.141 
87.275 87.166 78.203 87.117 86.843 88.940 87.205 87.173 87.688 87.120 87.153 84.078 87.238 78.038 78.006 87.661 87.142 87.818 80.785 89.169 87.423 88.532 88.356 87.833 87.404 87.268 80.213 87.047 87.130 87.186 86.980 88.236 86.518 87.212 77.091 87.669 87.053 77.982 82.789 87.328 87.157 87.110 87.114 86.725 86.770 87.299 87.131 87.838 88.115 87.045 87.393 86.831 87.007 88.387 87.231 87.586 87.453 84.707 87.032 88.478 87.253 87.015 86.965 87.666 87.160 77.876 87.360 87.554 87.498 87.711 87.101 87.148 86.892 87.069 87.560 87.023 80.036 87.358 87.195 87.264 88.013 87.796 87.194 87.764 78.027 87.268 87.149 87.060 87.667 87.108 87.145 87.186 82.506 77.793 87.462 
89.035 88.903 78.625 88.820 88.940 88.408 88.964 88.841 88.980 89.043 88.773 85.071 88.879 78.476 78.442 89.171 88.942 89.066 80.853 89.448 88.903 88.970 89.277 89.109 88.998 89.060 80.677 88.852 88.899 88.761 88.544 89.131 87.808 88.820 77.532 89.003 88.786 78.416 83.197 88.925 88.837 88.610 88.493 89.066 88.946 88.516 88.853 89.057 88.706 89.038 88.993 88.915 88.842 89.056 88.838 88.878 88.973 86.295 89.000 88.951 89.097 88.820 88.887 89.035 89.067 78.290 88.987 89.063 88.997 89.060 88.695 89.029 89.147 88.929 88.817 88.964 81.777 88.480 88.969 88.952 88.940 89.010 89.077 89.078 78.468 88.914 88.913 88.919 88.997 88.878 88.917 88.784 82.858 78.215 88.683 
87.011 86.998 78.178 87.029 87.205 88.964 87.008 87.014 87.545 87.097 87.037 84.200 87.089 78.029 78.004 87.817 87.099 87.849 80.817 89.287 87.744 88.548 88.473 87.805 87.275 87.100 80.236 87.128 87.050 87.055 87.002 88.290 86.503 87.244 77.126 87.804 87.035 77.944 82.778 87.059 87.073 86.997 87.130 87.146 87.125 87.342 87.108 88.278 88.337 87.111 87.221 87.181 87.115 88.535 87.133 87.652 87.491 84.564 87.097 88.513 87.061 87.080 87.024 87.599 87.136 77.906 87.184 87.510 87.524 87.646 87.043 87.063 87.301 87.199 87.870 87.179 79.822 87.503 87.213 87.124 87.968 87.798 87.164 87.839 78.044 87.116 87.095 87.201 87.804 87.032 87.121 86.998 82.630 77.798 87.422 
87.235 87.085 78.094 87.007 87.173 88.841 87.014 86.846 87.618 87.150 87.084 84.207 87.276 78.017 77.917 87.618 86.950 87.714 80.652 89.072 87.673 88.497 88.355 87.633 87.317 87.179 80.119 86.844 87.092 87.096 87.070 88.202 86.410 87.226 77.002 87.529 86.813 77.891 82.726 87.155 86.889 86.873 87.049 87.117 86.979 87.287 87.141 87.845 88.039 86.929 87.144 86.925 86.843 88.304 87.071 87.437 87.358 84.515 87.048 88.441 87.227 86.982 86.969 87.572 87.193 77.830 87.111 87.475 87.497 87.712 86.698 87.066 87.228 87.034 87.847 87.042 80.005 87.335 87.033 87.223 87.930 87.858 87.323 87.722 77.994 86.986 87.097 87.031 87.701 86.846 87.071 87.042 82.487 77.743 87.201 
87.759 87.537 78.002 87.695 87.688 88.980 87.545 87.618 86.999 87.844 87.440 84.232 87.761 77.950 77.852 88.298 87.473 88.096 80.539 89.292 88.125 88.810 89.107 88.393 88.051 88.004 80.176 87.470 87.408 87.596 87.387 88.583 86.788 87.486 76.974 88.493 87.490 77.801 82.683 87.466 87.430 87.324 87.572 87.955 87.738 87.603 87.650 88.434 88.541 87.783 87.651 87.722 87.569 88.795 87.711 88.096 87.907 85.135 87.724 88.634 88.028 87.608 87.491 88.029 87.883 77.807 87.518 88.400 88.045 88.131 87.359 87.812 88.141 87.660 88.007 87.706 80.384 87.555 87.620 87.709 88.276 88.259 88.055 88.313 77.988 87.395 87.567 87.635 88.243 87.388 87.617 87.456 82.548 77.738 87.876 
87.342 87.039 78.051 87.410 87.120 89.043 87.097 87.150 87.844 87.053 87.167 84.194 87.544 77.906 77.933 87.885 86.963 88.051 80.746 89.381 87.820 88.851 88.898 88.014 87.401 87.556 80.158 87.006 87.081 87.189 87.272 88.489 86.676 87.151 76.934 88.127 87.052 77.839 82.736 87.018 87.005 86.987 87.375 87.594 87.157 87.538 87.214 87.916 88.492 87.496 87.200 86.983 87.025 88.513 87.434 87.630 87.579 84.756 87.077 88.594 87.642 87.052 87.055 87.705 87.391 77.867 87.132 87.932 87.651 88.053 86.964 87.497 87.617 87.096 87.866 87.184 80.140 87.325 87.034 87.369 88.184 87.833 87.650 88.079 78.010 87.108 87.265 87.057 87.805 86.906 87.094 87.109 82.675 77.802 87.557 
87.110 87.060 78.177 87.109 87.153 88.773 87.037 87.084 87.440 87.167 87.011 84.161 87.311 78.023 78.002 87.588 87.163 87.749 80.712 88.950 87.638 88.356 88.380 87.708 87.420 87.308 80.217 87.042 86.964 87.205 86.953 88.185 86.482 87.238 77.111 87.824 87.021 77.949 82.751 87.171 87.126 87.108 87.108 87.142 87.267 87.315 87.089 87.909 87.949 87.103 87.296 87.118 86.973 88.248 87.218 87.564 87.469 84.732 87.198 88.334 87.156 86.919 86.948 87.504 87.050 77.878 87.194 87.711 87.313 87.618 87.045 87.162 87.242 87.081 87.753 87.141 79.888 87.450 87.243 87.327 87.837 87.890 87.199 87.858 78.004 87.085 87.042 86.984 87.766 87.114 87.003 87.052 82.475 77.779 87.495 
84.118 84.107 75.095 84.136 84.078 85.071 84.200 84.207 84.232 84.194 84.161 82.354 84.155 74.971 74.906 84.564 84.101 84.414 77.257 85.341 84.304 84.753 84.930 84.634 84.361 84.254 77.155 84.049 84.092 84.234 83.696 84.820 82.724 84.082 74.040 84.527 84.196 74.908 79.631 84.204 84.072 84.080 83.888 84.248 84.259 84.056 84.186 84.660 84.455 84.260 84.209 84.219 84.240 84.838 84.205 84.390 84.328 82.131 84.148 84.856 84.278 84.170 84.033 84.385 84.244 74.836 84.255 84.414 84.453 84.423 84.064 84.217 84.475 84.174 84.478 84.195 78.154 84.281 84.182 84.137 84.669 84.468 84.223 84.500 74.916 84.090 84.078 84.209 84.452 83.991 84.146 84.006 79.155 74.528 84.277 
87.521 87.229 78.172 87.447 87.238 88.879 87.089 87.276 87.761 87.544 87.311 84.155 87.552 78.027 77.998 87.910 87.071 87.938 80.787 89.102 87.917 88.517 88.539 87.764 87.794 87.605 80.230 87.111 87.182 87.291 87.263 88.375 86.710 87.334 77.102 88.003 87.137 77.948 82.706 87.241 87.133 87.083 87.359 87.458 87.262 87.532 87.242 88.206 88.231 87.358 87.335 87.087 87.066 88.529 87.561 87.509 87.588 84.811 87.526 88.554 87.585 87.061 87.122 87.766 87.461 77.889 87.248 87.854 87.643 88.000 87.067 87.539 87.659 87.060 87.886 87.286 80.201 87.382 87.184 87.263 88.092 87.879 87.591 88.062 78.043 87.297 87.242 87.113 87.801 87.056 87.172 87.275 82.580 77.719 87.725 
77.960 77.901 77.580 77.973 78.038 78.476 78.029 78.017 77.950 77.906 78.023 74.971 78.027 77.756 77.985 78.146 78.015 78.158 75.769 78.494 78.151 78.266 78.341 78.175 77.931 78.097 78.013 78.011 77.932 78.062 77.243 78.349 77.082 78.045 76.522 78.142 78.004 77.880 77.750 77.926 78.008 78.002 77.926 78.063 78.055 78.027 78.046 78.126 77.837 78.061 78.061 78.027 78.033 78.363 78.047 77.969 77.900 75.274 77.899 78.266 78.039 78.031 77.920 78.001 77.864 76.076 77.931 78.118 77.879 78.141 78.019 78.028 78.097 78.057 78.275 78.025 70.603 78.151 78.005 78.003 78.211 78.221 78.030 78.147 78.021 77.934 77.998 78.044 78.183 77.984 77.977 77.896 77.260 77.551 78.061 
77.959 77.890 77.567 77.880 78.006 78.442 78.004 77.917 77.852 77.933 78.002 74.906 77.998 77.985 77.705 78.134 77.969 78.099 75.653 78.459 78.125 78.236 78.269 78.099 77.928 78.065 77.931 77.901 77.935 78.019 77.213 78.222 77.074 77.986 76.492 77.985 77.909 77.854 77.731 77.918 77.908 77.894 77.854 78.023 78.011 77.925 77.964 78.113 77.808 77.952 78.016 78.002 77.926 78.331 77.940 77.919 77.869 75.216 77.887 78.264 78.018 78.006 77.931 78.003 78.062 75.995 77.913 78.016 78.076 78.115 77.927 77.915 78.065 78.041 78.254 78.001 70.678 78.142 77.946 77.903 78.190 78.104 77.994 78.084 77.982 77.887 77.924 77.922 78.104 77.896 77.970 77.877 77.217 77.488 77.950 
87.669 87.581 78.270 87.817 87.661 89.171 87.817 87.618 88.298 87.885 87.588 84.564 87.910 78.146 78.134 87.933 87.782 88.412 80.930 89.553 88.232 89.023 89.303 88.555 88.140 88.058 80.375 87.700 87.520 87.640 87.771 88.875 86.941 87.636 77.219 88.670 87.578 78.049 82.845 87.809 87.649 87.922 87.778 87.906 87.844 87.754 87.766 88.724 88.713 88.005 87.964 87.582 87.577 89.086 88.007 88.291 88.096 85.486 87.944 88.905 87.915 87.545 87.622 87.940 87.872 78.003 87.515 88.608 88.097 88.315 87.777 87.936 87.999 87.556 88.192 87.672 80.570 87.801 87.900 87.881 88.419 88.309 87.957 88.678 78.146 87.692 87.559 87.579 88.330 87.485 87.656 87.512 82.741 77.970 88.159 
87.016 86.958 78.094 86.929 87.142 88.942 87.099 86.950 87.473 86.963 87.163 84.101 87.071 78.015 77.969 87.782 86.356 87.770 80.723 89.177 87.742 88.552 88.476 87.798 87.223 87.177 80.195 87.035 86.995 87.091 86.990 88.318 86.420 87.246 77.006 87.697 86.933 77.873 82.788 87.003 86.947 86.880 87.033 87.061 87.107 87.270 87.101 88.024 88.162 86.897 87.290 87.113 86.982 88.517 87.050 87.643 87.385 84.503 86.917 88.385 87.113 87.079 87.062 87.665 87.034 77.905 87.178 87.454 87.470 87.735 86.888 86.937 87.169 87.125 87.758 87.238 79.947 87.289 87.243 87.047 87.941 87.729 87.146 87.826 78.058 86.996 87.120 86.976 87.792 86.998 87.049 86.915 82.573 77.808 87.336 
87.997 87.779 78.227 87.764 87.818 89.066 87.849 87.714 88.096 88.051 87.749 84.414 87.938 78.158 78.099 88.412 87.770 87.360 80.772 89.376 88.100 88.837 88.924 88.525 88.151 87.881 80.314 87.601 87.715 87.724 87.370 88.629 86.935 87.480 77.097 88.483 87.640 78.068 82.872 87.699 87.570 87.433 87.521 88.125 87.850 87.607 87.821 88.610 88.378 87.854 87.813 87.809 87.692 88.670 87.724 88.246 88.033 85.247 87.918 88.772 88.129 87.827 87.712 88.202 88.110 78.007 87.773 88.363 88.269 88.287 87.494 87.906 88.213 87.875 88.131 87.749 80.691 87.550 87.721 87.914 88.489 88.434 88.199 88.378 78.166 87.662 87.829 87.841 88.340 87.491 87.868 87.749 82.599 77.927 87.868 
80.746 80.669 75.341 80.712 80.785 80.853 80.817 80.652 80.539 80.746 80.712 77.257 80.787 75.769 75.653 80.930 80.723 80.772 79.951 80.948 80.847 80.785 80.913 80.755 80.765 80.825 75.968 80.618 80.587 80.683 80.214 80.839 79.721 80.666 74.181 80.695 80.649 75.681 77.142 80.691 80.664 80.631 80.511 80.867 80.749 80.490 80.716 80.732 80.906 80.735 80.825 80.772 80.635 80.946 80.667 80.593 80.720 78.060 80.747 80.899 80.867 80.737 80.679 80.782 80.818 74.908 80.665 80.821 80.839 80.906 80.646 80.766 80.954 80.752 80.696 80.782 73.481 80.379 80.776 80.781 80.894 80.764 80.909 80.821 75.796 80.600 80.732 80.666 80.786 80.695 80.665 80.624 80.406 75.304 80.682 
89.317 89.113 78.648 89.149 89.169 89.448 89.287 89.072 89.292 89.381 88.950 85.341 89.102 78.494 78.459 89.553 89.177 89.376 80.948 89.337 89.195 89.486 89.584 89.438 89.398 89.377 80.738 89.008 89.020 88.998 88.887 89.563 87.746 89.060 77.531 89.386 89.011 78.439 83.255 89.176 89.072 88.919 88.560 89.465 89.157 88.492 89.071 89.421 89.056 89.273 89.360 89.181 89.087 89.583 89.138 89.088 89.378 86.648 89.341 89.523 89.500 89.030 89.015 89.402 89.344 78.322 89.184 89.473 89.359 89.438 89.003 89.295 89.545 89.160 88.989 89.174 82.099 88.382 89.307 89.228 89.498 89.330 89.495 89.444 78.521 89.001 89.093 89.143 89.344 89.145 89.090 88.965 82.942 78.351 89.198 
87.739 87.748 78.322 87.538 87.423 88.903 87.744 87.673 88.125 87.820 87.638 84.304 87.917 78.151 78.125 88.232 87.742 88.100 80.847 89.195 87.484 88.625 88.776 88.248 88.074 87.893 80.319 87.548 87.670 87.608 87.542 88.502 87.109 87.534 77.200 88.086 87.492 78.097 82.889 87.579 87.512 87.388 87.479 87.575 87.576 87.459 87.795 88.405 88.227 87.904 87.589 87.486 87.615 88.710 87.766 87.918 87.842 84.960 87.574 88.672 87.824 87.548 87.422 88.193 87.974 77.968 87.535 88.038 88.169 88.229 87.490 87.770 87.456 87.723 87.838 87.458 80.336 87.451 87.533 87.704 88.371 87.994 87.882 88.230 78.155 87.656 87.720 87.700 88.069 87.550 87.664 87.732 82.678 77.809 87.828 
88.703 88.578 78.455 88.576 88.532 88.970 88.548 88.497 88.810 88.851 88.356 84.753 88.517 78.266 78.236 89.023 88.552 88.837 80.785 89.486 88.625 87.468 89.195 88.937 88.889 88.596 80.474 88.415 88.442 88.375 88.253 89.005 87.341 88.430 77.390 88.952 88.405 78.229 82.981 88.571 88.441 88.306 88.032 88.861 88.504 88.005 88.436 89.048 88.668 88.732 88.647 88.564 88.545 89.125 88.592 88.600 88.728 86.069 88.744 89.024 88.870 88.421 88.504 88.768 88.768 78.115 88.614 88.953 88.799 88.807 88.408 88.749 88.941 88.514 88.482 88.504 81.469 87.996 88.620 88.606 88.951 88.794 88.840 88.894 78.259 88.421 88.454 88.538 88.790 88.477 88.541 88.420 82.592 78.016 88.492 
88.764 88.507 78.473 88.640 88.356 89.277 88.473 88.355 89.107 88.898 88.380 84.930 88.539 78.341 78.269 89.303 88.476 88.924 80.913 89.584 88.776 89.195 89.309 89.049 89.026 88.821 80.526 88.242 88.334 88.332 88.235 89.320 87.734 88.346 77.399 89.047 88.422 78.263 83.050 88.583 88.420 88.302 88.092 88.937 88.507 88.116 88.444 89.220 88.820 88.866 88.702 88.529 88.483 89.390 88.689 88.651 89.009 86.217 88.814 89.352 88.929 88.503 88.470 88.951 88.843 78.104 88.677 89.093 88.996 89.001 88.370 88.712 88.936 88.621 88.667 88.457 81.555 88.026 88.591 88.527 89.181 88.849 88.858 89.090 78.329 88.297 88.341 88.477 88.905 88.443 88.472 88.487 82.725 78.123 88.659 
87.820 87.651 78.258 87.638 87.833 89.109 87.805 87.633 88.393 88.014 87.708 84.634 87.764 78.175 78.099 88.555 87.798 88.525 80.755 89.438 88.248 88.937 89.049 87.807 88.245 87.866 80.328 87.601 87.632 87.658 87.876 88.678 87.054 87.812 77.186 88.336 87.557 78.025 82.947 87.661 87.541 87.488 87.513 88.110 87.873 87.615 87.712 88.675 88.678 87.859 87.776 87.891 87.672 88.964 87.718 88.199 88.031 85.354 87.738 88.900 87.811 87.718 87.647 88.257 88.159 78.016 87.713 88.122 88.118 88.325 87.494 87.930 87.938 87.841 88.307 87.828 80.642 87.620 87.783 87.812 88.287 88.367 87.942 88.049 78.157 87.711 87.753 87.859 88.393 87.674 87.828 87.633 82.732 77.980 87.836 
87.678 87.214 78.058 87.608 87.404 88.998 87.275 87.317 88.051 87.401 87.420 84.361 87.794 77.931 77.928 88.140 87.223 88.151 80.765 89.398 88.074 88.889 89.026 88.245 87.528 87.735 80.194 87.280 87.308 87.444 87.387 88.656 86.815 87.269 76.920 88.398 87.313 77.861 82.725 87.181 87.295 87.186 87.504 87.598 87.285 87.552 87.513 88.090 88.560 87.563 87.449 87.202 87.280 88.808 87.602 87.870 87.380 85.062 87.233 88.641 87.776 87.372 87.407 87.835 87.631 77.850 87.329 88.152 87.761 88.177 87.121 87.708 87.945 87.412 88.067 87.432 80.396 87.463 87.321 87.670 88.197 88.149 87.892 88.157 78.032 87.248 87.395 87.363 87.969 87.119 87.429 87.402 82.674 77.808 87.604 
87.331 87.144 78.199 87.467 87.268 89.060 87.100 87.179 88.004 87.556 87.308 84.254 87.605 78.097 78.065 88.058 87.177 87.881 80.825 89.377 87.893 88.596 88.821 87.866 87.735 86.737 80.278 87.137 87.229 87.249 87.423 88.491 86.697 87.251 77.127 88.187 87.041 77.979 82.846 87.095 87.052 87.013 87.285 87.557 87.364 87.563 87.211 88.450 88.457 87.612 87.132 87.212 87.178 88.697 87.461 87.649 87.688 84.786 87.200 88.668 87.419 87.178 87.149 87.808 87.602 77.929 87.178 87.702 87.858 88.190 87.230 87.521 87.648 87.210 87.996 87.195 80.161 87.469 87.089 87.244 88.089 87.823 87.665 88.049 78.037 87.205 87.273 87.199 87.866 86.974 87.288 87.120 82.678 77.830 87.551 
80.187 80.155 77.618 80.072 80.213 80.677 80.236 80.119 80.176 80.158 80.217 77.155 80.230 78.013 77.931 80.375 80.195 80.314 75.968 80.738 80.319 80.474 80.526 80.328 80.194 80.278 80.056 80.088 80.183 80.244 79.474 80.522 79.309 80.197 76.747 80.231 80.103 77.900 79.914 80.173 80.074 80.074 80.077 80.264 80.222 80.162 80.220 80.373 80.031 80.152 80.170 80.188 80.122 80.559 80.145 80.156 80.134 77.481 80.145 80.495 80.229 80.225 80.169 80.231 80.295 76.059 80.145 80.174 80.319 80.360 80.115 80.140 80.267 80.252 80.489 80.185 72.934 80.354 80.140 80.227 80.415 80.389 80.247 80.289 77.995 80.122 80.199 80.191 80.342 80.068 80.207 80.130 77.364 77.555 80.073 
87.150 86.966 78.040 86.654 87.047 88.852 87.128 86.844 87.470 87.006 87.042 84.049 87.111 78.011 77.901 87.700 87.035 87.601 80.618 89.008 87.548 88.415 88.242 87.601 87.280 87.137 80.088 86.572 86.982 87.079 86.902 88.137 86.459 87.053 76.963 87.390 86.629 77.866 82.716 87.137 86.735 86.719 86.905 87.089 87.096 87.194 87.103 87.732 87.951 86.738 87.115 87.013 86.708 88.302 86.825 87.426 87.450 84.535 86.926 88.373 87.125 86.959 87.032 87.613 87.094 77.834 87.228 87.266 87.456 87.663 86.801 86.867 87.183 87.097 87.623 87.094 79.920 87.205 87.131 87.111 87.904 87.747 87.216 87.667 77.990 87.015 87.108 86.940 87.657 86.900 87.025 86.986 82.399 77.733 87.034 
87.257 87.005 78.027 87.081 87.130 88.899 87.050 87.092 87.408 87.081 86.964 84.092 87.182 77.932 77.935 87.520 86.995 87.715 80.587 89.020 87.670 88.442 88.334 87.632 87.308 87.229 80.183 86.982 86.757 87.128 87.077 88.241 86.434 87.249 76.999 87.691 86.994 77.796 82.685 87.148 87.089 87.030 87.046 87.224 87.134 87.321 87.121 87.814 88.164 87.098 87.381 86.999 86.942 88.430 87.188 87.504 87.454 84.506 86.968 88.391 87.180 86.970 86.948 87.585 87.071 77.829 87.153 87.563 87.396 87.705 86.989 87.092 87.271 86.998 87.734 87.220 79.803 87.319 87.194 87.139 87.921 87.897 87.245 87.723 78.018 86.988 87.079 86.980 87.779 87.087 86.989 87.001 82.462 77.715 87.380 
87.223 87.085 78.196 87.142 87.186 88.761 87.055 87.096 87.596 87.189 87.205 84.234 87.291 78.062 78.019 87.640 87.091 87.724 80.683 88.998 87.608 88.375 88.332 87.658 87.444 87.249 80.244 87.079 87.128 87.136 86.958 88.162 86.415 87.195 77.123 87.853 87.058 77.988 82.762 87.201 87.205 87.193 87.138 87.026 87.112 87.322 87.131 87.932 88.011 87.115 87.216 86.988 86.973 88.255 87.374 87.555 87.469 84.740 87.168 88.387 87.161 86.973 87.213 87.496 87.077 77.904 87.279 87.707 87.356 87.615 87.181 87.163 87.270 87.018 87.795 87.151 80.046 87.469 87.092 87.276 87.888 87.925 87.239 87.735 78.052 87.191 87.192 87.000 87.810 87.075 87.125 87.127 82.495 77.796 87.477 
87.289 87.038 77.431 87.054 86.980 88.544 87.002 87.070 87.387 87.272 86.953 83.696 87.263 77.243 77.213 87.771 86.990 87.370 80.214 88.887 87.542 88.253 88.235 87.876 87.387 87.423 79.474 86.902 87.077 86.958 85.342 88.212 86.254 86.838 76.322 87.869 86.960 77.214 82.060 86.984 86.995 86.848 86.840 87.328 87.162 86.924 87.154 87.922 87.800 87.257 87.089 87.082 86.946 88.316 87.135 87.620 87.267 84.676 87.351 88.057 87.440 87.214 87.167 87.434 87.399 77.153 87.045 87.839 87.537 87.667 86.833 87.158 87.438 87.112 87.545 87.020 79.989 87.006 87.080 87.066 87.951 87.771 87.493 87.743 77.270 87.006 87.060 87.091 87.789 87.023 87.064 87.071 81.997 77.192 87.349 
88.449 88.209 78.466 88.293 88.236 89.131 88.290 88.202 88.583 88.489 88.185 84.820 88.375 78.349 78.222 88.875 88.318 88.629 80.839 89.563 88.502 89.005 89.320 88.678 88.656 88.491 80.522 88.137 88.241 88.162 88.212 88.225 87.153 88.237 77.406 88.911 88.162 78.254 83.095 88.245 88.274 88.134 88.052 88.488 88.361 88.080 88.335 89.039 88.756 88.513 88.345 88.233 88.134 89.035 88.422 88.681 88.498 85.878 88.413 89.017 88.570 88.276 88.315 88.466 88.477 78.123 88.358 88.886 88.571 88.719 88.164 88.486 88.589 88.308 88.538 88.282 81.232 88.049 88.322 88.235 88.679 88.925 88.531 88.636 78.315 88.248 88.226 88.186 88.938 88.152 88.302 88.225 82.772 78.108 88.212 
86.474 86.407 77.234 86.599 86.518 87.808 86.503 86.410 86.788 86.676 86.482 82.724 86.710 77.082 77.074 86.941 86.420 86.935 79.721 87.746 87.109 87.341 87.734 87.054 86.815 86.697 79.309 86.459 86.434 86.415 86.254 87.153 83.642 86.484 76.166 87.233 86.416 76.984 81.781 86.451 86.375 86.304 86.493 86.810 86.469 86.569 86.512 87.186 87.303 86.712 86.628 86.466 86.466 87.615 86.647 86.881 86.606 83.849 86.656 87.482 86.760 86.541 86.402 86.672 86.743 76.989 86.549 87.041 86.910 87.133 86.399 86.736 86.922 86.529 86.917 86.577 79.350 86.455 86.543 86.448 86.881 86.973 86.776 87.156 77.127 86.343 86.436 86.488 86.992 86.377 86.413 86.525 81.645 76.785 86.631 
87.305 87.288 78.172 87.030 87.212 88.820 87.244 87.226 87.486 87.151 87.238 84.082 87.334 78.045 77.986 87.636 87.246 87.480 80.666 89.060 87.534 88.430 88.346 87.812 87.269 87.251 80.197 87.053 87.249 87.195 86.838 88.237 86.484 86.905 76.984 87.658 87.059 77.985 82.746 87.155 86.982 87.041 87.106 87.208 87.208 87.232 87.214 87.744 88.052 87.175 87.108 87.231 87.127 88.066 87.151 87.689 87.421 84.487 87.154 88.368 87.276 87.266 87.081 87.605 87.357 77.893 87.326 87.543 87.562 87.686 87.105 87.183 87.341 87.267 87.624 87.237 79.940 87.258 87.027 87.240 88.005 87.703 87.275 87.664 78.030 87.280 87.221 87.267 87.657 86.900 87.221 87.273 82.536 77.778 87.397 
77.040 76.952 76.744 76.952 77.091 77.532 77.126 77.002 76.974 76.934 77.111 74.040 77.102 76.522 76.492 77.219 77.006 77.097 74.181 77.531 77.200 77.390 77.399 77.186 76.920 77.127 76.747 76.963 76.999 77.123 76.322 77.406 76.166 76.984 76.489 77.105 76.976 76.427 76.719 76.916 76.968 76.959 76.899 77.142 77.098 77.047 77.095 77.058 76.910 77.023 76.988 77.088 77.003 77.385 76.992 76.992 76.885 74.270 76.934 77.330 77.125 77.124 77.025 77.085 77.115 75.986 76.918 77.106 77.127 77.245 76.996 76.991 77.170 77.151 77.340 77.084 69.723 77.168 76.936 77.071 77.302 77.268 77.143 77.151 76.571 76.878 77.096 77.066 77.245 76.922 77.035 76.884 75.817 76.128 77.032 
88.041 87.793 78.175 87.687 87.669 89.003 87.804 87.529 88.493 88.127 87.824 84.527 88.003 78.142 77.985 88.670 87.697 88.483 80.695 89.386 88.086 88.952 89.047 88.336 88.398 88.187 80.231 87.390 87.691 87.853 87.869 88.911 87.233 87.658 77.105 87.812 87.370 77.985 82.871 87.731 87.269 87.322 87.595 88.180 87.795 87.613 87.782 88.456 88.645 87.843 87.696 87.719 87.611 89.063 87.743 87.747 88.233 85.226 88.040 88.988 88.043 87.720 87.823 88.313 88.235 77.883 87.806 88.042 88.389 88.513 87.484 87.838 88.325 87.873 88.287 87.686 80.837 87.647 87.667 87.826 88.570 87.820 88.266 88.514 78.088 87.673 87.740 87.872 87.755 87.445 87.777 87.606 82.594 77.872 87.724 
87.129 86.934 78.041 86.755 87.053 88.786 87.035 86.813 87.490 87.052 87.021 84.196 87.137 78.004 77.909 87.578 86.933 87.640 80.649 89.011 87.492 88.405 88.422 87.557 87.313 87.041 80.103 86.629 86.994 87.058 86.960 88.162 86.416 87.059 76.976 87.370 86.698 77.868 82.728 87.097 86.716 86.685 86.895 86.935 86.924 87.180 87.022 87.857 88.049 86.531 87.053 86.827 86.642 88.244 86.766 87.363 87.297 84.528 86.883 88.397 87.081 86.877 87.001 87.530 87.027 77.831 87.138 87.229 87.444 87.654 86.764 86.903 87.184 86.957 87.768 87.028 79.908 87.322 86.907 87.119 87.880 87.746 87.220 87.621 77.978 87.002 87.116 86.917 87.544 86.781 87.003 86.956 82.410 77.722 86.966 
77.884 77.771 77.451 77.826 77.982 78.416 77.944 77.891 77.801 77.839 77.949 74.908 77.948 77.880 77.854 78.049 77.873 78.068 75.681 78.439 78.097 78.229 78.263 78.025 77.861 77.979 77.900 77.866 77.796 77.988 77.214 78.254 76.984 77.985 76.427 77.985 77.868 77.644 77.616 77.846 77.858 77.860 77.819 78.008 77.999 77.910 77.967 78.030 77.792 77.912 77.934 77.974 77.904 78.313 77.892 77.863 77.817 75.147 77.795 78.200 77.964 77.981 77.878 77.917 77.968 76.029 77.756 77.981 77.990 78.081 77.876 77.906 78.049 77.997 78.224 77.975 70.543 78.063 77.939 77.917 78.153 78.142 77.965 78.038 77.932 77.720 77.910 77.938 78.113 77.854 77.870 77.666 77.199 77.490 77.906 
82.663 82.655 77.821 82.703 82.789 83.197 82.778 82.726 82.683 82.736 82.751 79.631 82.706 77.750 77.731 82.845 82.788 82.872 77.142 83.255 82.889 82.981 83.050 82.947 82.725 82.846 79.914 82.716 82.685 82.762 82.060 83.095 81.781 82.746 76.719 82.871 82.728 77.616 82.632 82.637 82.722 82.709 82.611 82.831 82.781 82.646 82.754 82.900 82.596 82.772 82.793 82.780 82.714 83.113 82.749 82.758 82.660 79.990 82.720 83.021 82.829 82.736 82.680 82.689 82.827 77.676 82.629 82.848 82.853 82.914 82.705 82.749 82.872 82.827 82.989 82.775 75.767 82.765 82.752 82.782 82.929 82.909 82.805 82.866 77.755 82.679 82.735 82.756 82.877 82.704 82.694 82.642 79.374 77.305 82.765 
87.176 87.010 78.020 86.985 87.328 88.925 87.059 87.155 87.466 87.018 87.171 84.204 87.241 77.926 77.918 87.809 87.003 87.699 80.691 89.176 87.579 88.571 88.583 87.661 87.181 87.095 80.173 87.137 87.148 87.201 86.984 88.245 86.451 87.155 76.916 87.731 87.097 77.846 82.637 86.726 87.056 86.935 87.068 87.080 87.157 87.174 87.247 87.993 88.255 86.984 87.099 87.138 87.014 88.420 87.075 87.579 87.257 84.629 86.843 88.415 87.188 87.125 87.201 87.567 87.068 77.835 87.069 87.513 87.391 87.749 86.856 87.125 87.268 87.136 87.766 87.256 79.788 87.321 87.002 87.194 87.950 87.804 87.247 87.718 78.014 86.994 87.322 87.087 87.763 86.896 87.280 87.083 82.571 77.757 87.350 
87.076 87.049 78.045 86.665 87.157 88.837 87.073 86.889 87.430 87.005 87.126 84.072 87.133 78.008 77.908 87.649 86.947 87.570 80.664 89.072 87.512 88.441 88.420 87.541 87.295 87.052 80.074 86.735 87.089 87.205 86.995 88.274 86.375 86.982 76.968 87.269 86.716 77.858 82.722 87.056 86.577 86.643 86.925 86.956 87.020 87.106 87.162 87.762 88.024 86.611 87.009 86.960 86.788 88.240 86.717 87.503 87.329 84.556 86.881 88.385 87.052 87.068 87.109 87.671 87.069 77.817 87.133 87.171 87.491 87.665 86.802 86.996 87.170 87.122 87.705 87.117 79.839 87.211 86.857 87.094 87.952 87.628 87.176 87.712 77.977 87.091 87.232 87.089 87.513 86.623 87.139 87.011 82.480 77.679 86.972 
87.116 86.972 78.038 86.641 87.110 88.610 86.997 86.873 87.324 86.987 87.108 84.080 87.083 78.002 77.894 87.922 86.880 87.433 80.631 88.919 87.388 88.306 88.302 87.488 87.186 87.013 80.074 86.719 87.030 87.193 86.848 88.134 86.304 87.041 76.959 87.322 86.685 77.860 82.709 86.935 86.643 86.584 86.882 86.939 86.975 87.048 87.140 87.823 87.843 86.581 86.968 86.908 86.728 88.269 86.819 87.426 87.216 84.545 86.832 88.179 87.100 86.986 87.087 87.514 87.030 77.818 87.084 87.106 87.275 87.544 86.709 86.786 87.079 87.028 87.659 87.055 79.852 87.212 86.894 87.067 87.816 87.631 87.163 87.633 77.979 87.005 87.173 86.964 87.531 86.718 87.084 87.019 82.498 77.682 86.962 
87.349 87.072 78.035 87.245 87.114 88.493 87.130 87.049 87.572 87.375 87.108 83.888 87.359 77.926 77.854 87.778 87.033 87.521 80.511 88.560 87.479 88.032 88.092 87.513 87.504 87.285 80.077 86.905 87.046 87.138 86.840 88.052 86.493 87.106 76.899 87.595 86.895 77.819 82.611 87.068 86.925 86.882 86.534 87.434 87.100 87.104 87.101 87.789 87.703 87.258 87.072 86.972 86.993 88.270 87.183 87.164 87.403 84.616 87.071 88.192 87.458 87.059 87.021 87.573 87.479 77.779 87.178 87.357 87.616 87.811 86.905 87.269 87.529 87.065 87.660 87.034 79.929 87.061 87.064 87.205 87.778 87.522 87.411 87.503 77.913 87.009 87.134 87.107 87.436 86.923 87.084 87.043 82.356 77.458 87.231 
87.363 87.249 78.228 87.357 86.725 89.066 87.146 87.117 87.955 87.594 87.142 84.248 87.458 78.063 78.023 87.906 87.061 88.125 80.867 89.465 87.575 88.861 88.937 88.110 87.598 87.557 80.264 87.089 87.224 87.026 87.328 88.488 86.810 87.208 77.142 88.180 86.935 78.008 82.831 87.080 86.956 86.939 87.434 87.031 86.696 87.532 87.024 88.257 88.496 87.402 87.165 86.655 87.004 88.624 87.502 87.661 87.598 84.907 87.365 88.711 87.499 87.013 86.878 87.789 87.505 77.862 87.279 87.943 87.784 88.129 86.997 87.446 87.241 87.061 87.915 86.854 80.090 87.468 87.074 87.333 88.151 87.710 87.542 88.121 78.053 87.164 87.089 87.055 87.735 86.997 87.101 87.149 82.667 77.810 87.659 
87.114 87.129 78.214 87.017 86.770 88.946 87.125 86.979 87.738 87.157 87.267 84.259 87.262 78.055 78.011 87.844 87.107 87.850 80.749 89.157 87.576 88.504 88.507 87.873 87.285 87.364 80.222 87.096 87.134 87.112 87.162 88.361 86.469 87.208 77.098 87.795 86.924 77.999 82.781 87.157 87.020 86.975 87.100 86.696 87.033 87.320 86.933 87.968 88.139 87.019 87.226 86.781 86.969 88.472 87.225 87.605 87.436 84.817 87.172 88.535 87.068 86.947 86.737 87.679 87.176 77.830 87.339 87.729 87.454 87.716 87.058 87.048 86.667 87.078 87.746 86.789 80.005 87.538 87.131 87.270 87.900 87.791 87.106 87.885 78.048 87.054 87.054 87.027 87.703 86.989 87.116 87.002 82.485 77.799 87.467 
87.450 87.357 78.124 87.365 87.299 88.516 87.342 87.287 87.603 87.538 87.315 84.056 87.532 78.027 77.925 87.754 87.270 87.607 80.490 88.492 87.459 88.005 88.116 87.615 87.552 87.563 80.162 87.194 87.321 87.322 86.924 88.080 86.569 87.232 77.047 87.613 87.180 77.910 82.646 87.174 87.106 87.048 87.104 87.532 87.320 87.041 87.319 87.783 87.614 87.369 87.151 87.259 87.224 88.201 87.327 87.382 87.548 84.624 87.339 88.204 87.581 87.298 87.253 87.728 87.592 77.843 87.257 87.502 87.743 87.925 87.102 87.426 87.571 87.308 87.620 87.218 79.979 87.156 87.138 87.310 87.916 87.558 87.544 87.670 78.000 87.185 87.314 87.358 87.495 87.102 87.340 87.281 82.371 77.598 87.421 
87.278 87.127 78.178 87.130 87.131 88.853 87.108 87.141 87.650 87.214 87.089 84.186 87.242 78.046 77.964 87.766 87.101 87.821 80.716 89.071 87.795 88.436 88.444 87.712 87.513 87.211 80.220 87.103 87.121 87.131 87.154 88.335 86.512 87.214 77.095 87.782 87.022 77.967 82.754 87.247 87.162 87.140 87.101 87.024 86.933 87.319 87.013 87.940 88.096 87.059 87.356 86.982 86.955 88.383 87.256 87.496 87.456 84.916 87.085 88.465 87.211 86.983 87.083 87.692 87.126 77.862 87.282 87.591 87.457 87.745 87.076 87.179 87.281 86.997 87.830 87.208 80.153 87.463 87.141 87.215 87.924 87.759 87.215 87.874 78.045 87.204 87.173 87.002 87.762 87.065 87.223 87.144 82.478 77.701 87.403 
88.219 87.826 78.221 88.017 87.838 89.057 88.278 87.845 88.434 87.916 87.909 84.660 88.206 78.126 78.113 88.724 88.024 88.610 80.732 89.421 88.405 89.048 89.220 88.675 88.090 88.450 80.373 87.732 87.814 87.932 87.922 89.039 87.186 87.744 77.058 88.456 87.857 78.030 82.900 87.993 87.762 87.823 87.789 88.257 87.968 87.783 87.940 88.189 88.788 88.136 88.190 87.835 87.866 89.108 88.113 88.118 87.772 85.738 87.836 89.017 88.323 87.903 87.923 88.456 88.180 77.997 87.982 88.607 88.300 88.595 87.967 88.221 88.446 87.981 88.363 87.971 80.734 87.723 88.141 88.130 88.577 88.271 88.329 88.664 78.209 87.705 87.890 87.946 88.179 87.676 87.873 87.816 82.724 77.960 88.246 
88.399 88.274 77.998 88.165 88.115 88.706 88.337 88.039 88.541 88.492 87.949 84.455 88.231 77.837 77.808 88.713 88.162 88.378 80.906 89.056 88.227 88.668 88.820 88.678 88.560 88.457 80.031 87.951 88.164 88.011 87.800 88.756 87.303 88.052 76.910 88.645 88.049 77.792 82.596 88.255 88.024 87.843 87.703 88.496 88.139 87.614 88.096 88.788 88.455 88.319 88.393 88.152 88.119 88.719 88.199 88.264 88.489 85.797 88.489 88.700 88.645 88.044 88.070 88.592 88.373 77.714 88.296 88.638 88.554 88.475 88.017 88.290 88.668 88.131 88.145 88.141 81.174 87.546 88.381 88.284 88.654 88.547 88.538 88.505 77.832 88.038 88.027 88.125 88.353 88.116 88.196 88.020 82.598 77.632 88.260 
87.375 87.145 78.094 86.995 87.045 89.038 87.111 86.929 87.783 87.496 87.103 84.260 87.358 78.061 77.952 88.005 86.897 87.854 80.735 89.273 87.904 88.732 88.866 87.859 87.563 87.612 80.152 86.738 87.098 87.115 87.257 88.513 86.712 87.175 77.023 87.843 86.531 77.912 82.772 86.984 86.611 86.581 87.258 87.402 87.019 87.369 87.059 88.136 88.319 86.921 86.978 86.921 86.769 88.577 87.164 87.515 87.497 84.822 87.243 88.606 87.481 86.968 87.000 87.844 87.478 77.829 87.146 87.691 87.666 88.076 86.778 87.110 87.447 87.033 87.872 87.017 80.116 87.386 86.994 87.268 88.015 87.742 87.516 88.010 78.032 87.004 87.076 87.004 87.705 86.742 87.023 87.079 82.581 77.777 87.264 
87.348 87.161 78.068 87.052 87.393 88.993 87.221 87.144 87.651 87.200 87.296 84.209 87.335 78.061 78.016 87.964 87.290 87.813 80.825 89.360 87.589 88.647 88.702 87.776 87.449 87.132 80.170 87.115 87.381 87.216 87.089 88.345 86.628 87.108 76.988 87.696 87.053 77.934 82.793 87.099 87.009 86.968 87.072 87.165 87.226 87.151 87.356 88.190 88.393 86.978 86.702 87.206 86.991 88.500 87.112 87.796 87.407 84.396 87.012 88.574 87.279 87.233 87.219 87.722 87.268 77.889 87.080 87.527 87.553 87.838 86.965 87.120 87.388 87.239 87.825 87.330 79.947 87.359 86.728 87.296 88.070 87.891 87.402 87.762 78.019 87.393 87.397 87.216 87.856 86.954 87.397 87.308 82.663 77.811 87.351 
87.137 86.963 78.198 86.966 86.831 88.915 87.181 86.925 87.722 86.983 87.118 84.219 87.087 78.027 78.002 87.582 87.113 87.809 80.772 89.181 87.486 88.564 88.529 87.891 87.202 87.212 80.188 87.013 86.999 86.988 87.082 88.233 86.466 87.231 77.088 87.719 86.827 77.974 82.780 87.138 86.960 86.908 86.972 86.655 86.781 87.259 86.982 87.835 88.152 86.921 87.206 86.801 86.861 88.404 87.054 87.632 87.386 84.603 87.042 88.513 87.095 86.953 86.781 87.628 87.171 77.864 87.284 87.502 87.488 87.720 86.984 86.976 86.753 87.059 87.730 86.877 79.928 87.460 87.189 87.218 87.890 87.785 87.153 87.716 78.031 87.111 87.049 87.057 87.761 87.037 87.048 87.026 82.517 77.804 87.328 
87.162 86.906 78.067 86.766 87.007 88.842 87.115 86.843 87.569 87.025 86.973 84.240 87.066 78.033 77.926 87.577 86.982 87.692 80.635 89.087 87.615 88.545 88.483 87.672 87.280 87.178 80.122 86.708 86.942 86.973 86.946 88.134 86.466 87.127 77.003 87.611 86.642 77.904 82.714 87.014 86.788 86.728 86.993 87.004 86.969 87.224 86.955 87.866 88.119 86.769 86.991 86.861 86.510 88.347 86.877 87.505 87.347 84.541 86.979 88.453 87.068 86.945 86.935 87.576 87.087 77.844 87.154 87.415 87.453 87.735 86.802 86.729 87.115 86.985 87.820 86.990 79.826 87.397 87.024 87.025 87.840 87.778 87.160 87.616 78.013 86.949 87.040 86.933 87.724 86.806 86.964 86.933 82.429 77.766 87.164 
88.566 88.391 78.515 88.442 88.387 89.056 88.535 88.304 88.795 88.513 88.248 84.838 88.529 78.363 78.331 89.086 88.517 88.670 80.946 89.583 88.710 89.125 89.390 88.964 88.808 88.697 80.559 88.302 88.430 88.255 88.316 89.035 87.615 88.066 77.385 89.063 88.244 78.313 83.113 88.420 88.240 88.269 88.270 88.624 88.472 88.201 88.383 89.108 88.719 88.577 88.500 88.404 88.347 89.006 88.495 88.755 88.761 86.000 88.557 89.083 88.761 88.391 88.421 88.811 88.717 78.142 88.436 89.064 88.771 88.785 88.294 88.610 88.751 88.352 88.591 88.420 81.409 88.118 88.406 88.491 88.844 88.867 88.747 88.967 78.356 88.376 88.404 88.445 88.889 88.226 88.376 88.338 82.804 78.141 88.486 
87.444 87.170 78.075 87.115 87.231 88.838 87.133 87.071 87.711 87.434 87.218 84.205 87.561 78.047 77.940 88.007 87.050 87.724 80.667 89.138 87.766 88.592 88.689 87.718 87.602 87.461 80.145 86.825 87.188 87.374 87.135 88.422 86.647 87.151 76.992 87.743 86.766 77.892 82.749 87.075 86.717 86.819 87.183 87.502 87.225 87.327 87.256 88.113 88.199 87.164 87.112 87.054 86.877 88.495 87.030 87.569 87.485 84.621 87.206 88.471 87.557 87.089 87.150 87.649 87.481 77.883 87.072 87.659 87.650 87.920 86.921 87.423 87.517 87.159 87.836 87.147 80.022 87.262 87.025 87.177 87.986 87.895 87.633 87.964 78.018 87.074 87.273 87.161 87.742 86.866 87.186 87.175 82.537 77.799 87.144 
87.628 87.465 78.075 87.516 87.586 88.878 87.652 87.437 88.096 87.630 87.564 84.390 87.509 77.969 77.919 88.291 87.643 88.246 80.593 89.088 87.918 88.600 88.651 88.199 87.870 87.649 80.156 87.426 87.504 87.555 87.620 88.681 86.881 87.689 76.992 87.747 87.363 77.863 82.758 87.579 87.503 87.426 87.164 87.661 87.605 87.382 87.496 88.118 88.264 87.515 87.796 87.632 87.505 88.755 87.569 87.531 87.868 85.145 87.551 88.791 87.668 87.426 87.542 88.091 87.678 77.784 87.747 87.762 87.926 88.136 87.389 87.535 87.823 87.654 88.060 87.668 80.635 87.610 87.693 87.658 88.150 87.736 87.734 88.200 77.941 87.605 87.526 87.639 87.751 87.590 87.548 87.367 82.386 77.809 87.631 
87.548 87.417 78.008 87.343 87.453 88.973 87.491 87.358 87.907 87.579 87.469 84.328 87.588 77.900 77.869 88.096 87.385 88.033 80.720 89.378 87.842 88.728 89.009 88.031 87.380 87.688 80.134 87.450 87.454 87.469 87.267 88.498 86.606 87.421 76.885 88.233 87.297 77.817 82.660 87.257 87.329 87.216 87.403 87.598 87.436 87.548 87.456 87.772 88.489 87.497 87.407 87.386 87.347 88.761 87.485 87.868 86.704 84.839 87.170 88.552 87.628 87.418 87.324 87.654 87.579 77.826 87.380 87.997 87.606 88.089 87.220 87.496 87.690 87.457 88.119 87.363 80.179 87.547 87.376 87.438 87.844 88.050 87.690 88.054 77.971 87.245 87.516 87.432 88.060 87.251 87.444 87.275 82.593 77.748 87.242 
84.493 84.640 75.363 84.455 84.707 86.295 84.564 84.515 85.135 84.756 84.732 82.131 84.811 75.274 75.216 85.486 84.503 85.247 78.060 86.648 84.960 86.069 86.217 85.354 85.062 84.786 77.481 84.535 84.506 84.740 84.676 85.878 83.849 84.487 74.270 85.226 84.528 75.147 79.990 84.629 84.556 84.545 84.616 84.907 84.817 84.624 84.916 85.738 85.797 84.822 84.396 84.603 84.541 86.000 84.621 85.145 84.839 83.812 84.525 85.921 84.539 84.409 84.519 85.071 84.982 75.164 84.388 85.363 84.842 85.205 84.332 84.972 84.716 84.688 85.105 84.502 78.297 84.703 84.255 84.805 85.485 85.356 84.706 85.236 75.308 84.469 84.644 84.710 85.323 84.304 84.628 84.463 79.925 75.098 84.919 
87.275 86.934 78.019 87.226 87.032 89.000 87.097 87.048 87.724 87.077 87.198 84.148 87.526 77.899 77.887 87.944 86.917 87.918 80.747 89.341 87.574 88.744 88.814 87.738 87.233 87.200 80.145 86.926 86.968 87.168 87.351 88.413 86.656 87.154 76.934 88.040 86.883 77.795 82.720 86.843 86.881 86.832 87.071 87.365 87.172 87.339 87.085 87.836 88.489 87.243 87.012 87.042 86.979 88.557 87.206 87.551 87.170 84.525 86.646 88.542 87.411 87.004 86.951 87.649 87.355 77.829 87.077 87.636 87.541 88.071 86.904 87.339 87.511 87.160 87.839 87.065 79.667 87.248 86.950 87.179 87.947 87.743 87.497 87.774 77.996 86.939 87.119 87.153 87.693 86.858 87.048 86.947 82.653 77.752 87.398 
88.560 88.408 78.402 88.401 88.478 88.951 88.513 88.441 88.634 88.594 88.334 84.856 88.554 78.266 78.264 88.905 88.385 88.772 80.899 89.523 88.672 89.024 89.352 88.900 88.641 88.668 80.495 88.373 88.391 88.387 88.057 89.017 87.482 88.368 77.330 88.988 88.397 78.200 83.021 88.415 88.385 88.179 88.192 88.711 88.535 88.204 88.465 89.017 88.700 88.606 88.574 88.513 88.453 89.083 88.471 88.791 88.552 85.921 88.542 88.564 88.718 88.425 88.401 88.704 88.630 78.128 88.542 88.935 88.690 88.700 88.239 88.602 88.837 88.461 88.617 88.538 81.338 88.217 88.542 88.537 88.732 88.945 88.723 88.753 78.310 88.386 88.454 88.515 88.920 88.376 88.455 88.334 82.780 78.122 88.463 
