0 65.846 65.872 65.823 65.901 65.925 65.907 65.831 65.930 65.481 65.872 65.875 65.808 65.865 65.843 65.857 63.877 65.948 65.935 65.945 65.957 65.898 65.879 65.802 65.964 65.877 65.978 65.898 65.896 65.910 65.910 65.709 65.931 65.634 65.815 65.894 65.839 65.957 65.825 65.946 65.882 65.895 65.952 65.896 65.873 65.883 65.900 65.875 65.861 65.913 65.905 65.947 65.950 65.949 65.855 65.909 65.815 65.890 65.922 65.933 65.938 65.908 65.896 65.854 65.843 65.818 65.832 65.900 65.963 65.893 65.915 65.881 65.890 65.881 65.818 65.884 65.885 65.794 65.884 65.904 65.899 65.900 65.837 65.815 65.935 65.873 65.887 65.914 65.888 65.871 65.923 65.923 65.906 65.873 65.884 65.942 
1 65.872 65.770 65.766 65.821 65.905 65.872 65.738 65.843 65.412 65.846 65.865 65.779 65.768 65.844 65.814 63.870 65.889 65.905 65.935 65.910 65.867 65.832 65.719 65.947 65.873 65.958 65.857 65.831 65.873 65.895 65.667 65.881 65.627 65.786 65.865 65.765 65.916 65.723 65.899 65.803 65.855 65.921 65.866 65.857 65.863 65.866 65.838 65.753 65.896 65.875 65.911 65.928 65.915 65.829 65.867 65.805 65.834 65.884 65.864 65.913 65.887 65.818 65.812 65.871 65.791 65.792 65.878 65.947 65.879 65.902 65.859 65.853 65.858 65.777 65.842 65.844 65.765 65.845 65.833 65.844 65.844 65.783 65.781 65.916 65.825 65.842 65.896 65.844 65.814 65.864 65.890 65.840 65.866 65.858 65.903 
2 65.823 65.766 66.964 65.811 65.867 66.390 65.757 65.836 65.702 65.818 65.818 65.754 65.797 65.795 65.772 63.836 65.875 65.868 65.883 67.107 65.825 66.068 65.742 65.906 65.836 65.927 65.825 65.808 65.829 65.854 65.659 65.870 66.016 65.764 65.774 65.752 65.885 65.776 65.863 65.755 65.783 65.881 65.818 65.809 65.822 65.822 65.809 66.498 66.724 65.789 65.885 65.889 65.877 65.810 65.827 65.760 65.845 65.854 65.854 65.977 65.840 65.841 65.787 65.823 65.743 66.073 67.045 65.903 65.840 65.853 65.798 65.816 65.815 65.743 66.195 65.811 65.740 65.807 65.819 65.814 65.823 65.754 65.769 66.524 65.785 65.804 65.853 65.792 65.784 65.840 65.850 65.821 65.830 65.821 65.872 
3 65.901 65.821 65.811 65.803 65.903 65.888 65.785 65.868 65.463 65.869 65.903 65.772 65.795 65.872 65.843 63.887 65.884 65.914 65.944 65.908 65.864 65.835 65.761 65.952 65.886 65.949 65.882 65.832 65.885 65.894 65.712 65.882 65.651 65.812 65.890 65.835 65.933 65.793 65.911 65.844 65.881 65.927 65.872 65.861 65.858 65.872 65.853 65.821 65.912 65.895 65.909 65.927 65.921 65.854 65.877 65.826 65.847 65.877 65.883 65.911 65.905 65.839 65.823 65.900 65.834 65.807 65.899 65.952 65.894 65.913 65.888 65.863 65.897 65.803 65.843 65.845 65.791 65.879 65.853 65.883 65.874 65.821 65.803 65.921 65.851 65.880 65.907 65.874 65.821 65.885 65.890 65.853 65.892 65.867 65.921 
4 65.925 65.905 65.867 65.903 65.814 65.847 65.823 65.880 65.499 65.915 65.915 65.786 65.840 65.908 65.895 63.924 65.907 65.859 65.939 65.874 65.823 65.900 65.771 65.909 65.921 65.903 65.915 65.851 65.912 65.901 65.689 65.873 65.713 65.835 65.922 65.895 65.906 65.850 65.938 65.903 65.922 65.872 65.841 65.816 65.787 65.826 65.793 65.896 65.869 65.928 65.855 65.840 65.883 65.862 65.900 65.854 65.856 65.886 65.885 65.822 65.919 65.849 65.840 65.925 65.896 65.814 65.931 65.906 65.908 65.918 65.924 65.860 65.909 65.828 65.801 65.818 65.738 65.915 65.878 65.907 65.853 65.829 65.824 65.886 65.850 65.910 65.888 65.888 65.875 65.893 65.923 65.873 65.866 65.850 65.900 
5 65.907 65.872 66.390 65.888 65.847 69.300 65.853 65.839 66.435 66.251 65.906 65.804 65.861 65.893 66.348 63.934 65.895 65.968 68.571 69.337 65.855 67.260 66.177 66.222 65.910 65.919 65.918 65.860 65.885 65.904 65.735 68.035 67.988 65.842 65.876 65.848 65.856 65.862 65.917 65.867 65.897 65.855 65.854 65.850 65.844 65.852 65.832 66.344 68.518 65.887 65.869 65.882 65.881 67.665 66.117 66.045 65.860 65.881 65.838 68.114 65.905 65.866 65.833 65.906 65.869 66.135 66.405 65.908 65.899 65.907 65.897 65.857 65.902 65.827 67.474 65.842 65.782 66.248 65.862 65.878 66.450 65.827 65.844 67.391 65.846 65.882 65.885 65.878 65.857 65.869 65.898 65.854 66.337 65.850 65.876 
6 65.831 65.738 65.757 65.785 65.823 65.853 65.563 65.770 65.367 65.799 65.782 65.725 65.728 65.771 65.723 63.815 65.796 65.830 65.875 65.850 65.780 65.817 65.638 65.885 65.816 65.883 65.804 65.773 65.804 65.836 65.564 65.797 65.562 65.695 65.803 65.707 65.856 65.657 65.860 65.764 65.803 65.857 65.797 65.780 65.784 65.797 65.772 65.715 65.843 65.819 65.829 65.848 65.843 65.751 65.791 65.757 65.781 65.820 65.783 65.838 65.834 65.752 65.744 65.830 65.725 65.705 65.819 65.879 65.817 65.838 65.812 65.758 65.779 65.677 65.744 65.748 65.691 65.801 65.764 65.776 65.730 65.684 65.689 65.858 65.745 65.779 65.811 65.784 65.730 65.794 65.840 65.764 65.779 65.798 65.843 
7 65.930 65.843 65.836 65.868 65.880 65.839 65.770 65.809 65.472 65.910 65.924 65.786 65.789 65.900 65.860 63.920 65.872 65.893 65.952 65.895 65.853 65.862 65.714 65.942 65.909 65.940 65.899 65.838 65.904 65.921 65.714 65.877 65.672 65.801 65.902 65.843 65.886 65.771 65.935 65.865 65.905 65.904 65.880 65.870 65.860 65.878 65.851 65.834 65.903 65.911 65.892 65.904 65.904 65.839 65.889 65.849 65.847 65.885 65.819 65.893 65.925 65.821 65.838 65.929 65.861 65.807 65.914 65.937 65.910 65.930 65.919 65.851 65.903 65.796 65.821 65.822 65.776 65.905 65.867 65.894 65.846 65.813 65.793 65.919 65.851 65.903 65.892 65.886 65.852 65.889 65.915 65.828 65.879 65.876 65.874 
8 65.481 65.412 65.702 65.463 65.499 66.435 65.367 65.472 73.916 65.883 65.474 66.683 65.422 67.191 66.357 66.560 65.503 65.708 67.420 73.945 65.491 67.251 66.971 66.150 65.560 65.558 65.608 65.463 65.479 65.509 65.258 67.279 66.235 65.400 65.475 65.841 65.501 65.360 65.481 65.434 65.470 65.496 65.444 65.449 67.191 65.444 65.415 67.434 67.295 65.473 65.496 65.511 65.512 66.392 65.609 66.478 65.455 65.460 65.478 68.529 65.471 65.434 65.412 65.481 65.424 65.892 65.764 65.983 67.038 65.488 65.470 65.482 68.510 67.296 67.578 65.477 65.962 65.883 65.452 65.419 65.731 65.845 67.237 66.368 65.418 65.450 65.474 65.437 65.879 65.438 65.487 65.460 66.071 65.919 65.532 
9 65.872 65.846 65.818 65.869 65.915 66.251 65.799 65.910 65.883 66.756 65.863 65.787 65.837 65.828 66.377 63.871 65.937 65.920 66.745 66.864 65.886 66.615 66.044 66.021 65.868 65.962 65.877 65.873 65.885 65.904 65.677 66.755 66.483 65.815 65.859 65.828 65.940 65.800 65.901 65.853 65.845 65.932 65.873 65.862 65.868 65.876 65.855 65.874 66.838 65.866 65.934 65.937 65.930 66.687 65.883 65.815 65.865 65.898 65.915 66.438 65.889 65.871 65.838 65.871 65.795 65.835 65.914 65.950 65.877 65.902 65.831 65.878 65.858 65.806 65.869 65.871 65.773 66.786 65.867 65.868 65.885 65.826 65.811 66.860 65.848 65.866 65.908 65.855 65.856 65.890 65.904 65.879 66.573 65.877 65.927 
10 65.875 65.865 65.818 65.903 65.915 65.906 65.782 65.924 65.474 65.863 65.826 65.808 65.836 65.824 65.842 63.870 65.942 65.927 65.948 65.951 65.891 65.875 65.774 65.957 65.871 65.972 65.892 65.888 65.901 65.907 65.647 65.922 65.670 65.800 65.884 65.833 65.951 65.815 65.937 65.870 65.884 65.947 65.887 65.864 65.871 65.891 65.865 65.850 65.911 65.896 65.932 65.940 65.941 65.851 65.893 65.809 65.881 65.918 65.926 65.927 65.896 65.868 65.838 65.872 65.780 65.819 65.897 65.956 65.879 65.897 65.870 65.882 65.840 65.830 65.874 65.876 65.771 65.876 65.879 65.881 65.870 65.809 65.827 65.931 65.844 65.868 65.912 65.865 65.861 65.905 65.922 65.905 65.855 65.878 65.935 
11 65.808 65.779 65.754 65.772 65.786 65.804 65.725 65.786 66.683 65.787 65.808 67.121 65.735 66.462 65.762 64.546 65.807 65.798 65.801 67.257 65.763 65.796 65.672 65.831 65.840 65.934 65.887 65.766 65.795 65.810 65.555 65.800 65.565 65.963 65.782 65.745 65.815 65.752 65.817 65.776 65.801 65.808 65.750 65.742 66.424 65.755 65.733 66.368 65.788 65.791 65.787 65.807 65.807 65.705 65.778 65.744 65.758 66.030 65.792 66.328 65.759 65.771 65.704 65.807 65.747 65.951 65.776 65.827 66.053 65.785 65.798 65.768 66.133 66.872 65.950 65.748 66.002 65.788 65.778 65.777 65.771 65.720 66.813 65.797 65.742 65.798 65.773 65.775 65.745 65.773 65.782 65.769 65.720 65.755 65.801 
12 65.865 65.768 65.797 65.795 65.840 65.861 65.728 65.789 65.422 65.837 65.836 65.735 65.679 65.831 65.781 63.870 65.839 65.841 65.901 65.862 65.797 65.829 65.629 65.896 65.860 65.890 65.838 65.783 65.834 65.847 65.610 65.825 65.622 65.751 65.842 65.779 65.872 65.770 65.868 65.791 65.841 65.875 65.820 65.804 65.806 65.820 65.798 65.761 65.844 65.863 65.851 65.859 65.859 65.791 65.837 65.767 65.801 65.841 65.813 65.851 65.859 65.746 65.774 65.864 65.770 65.756 65.865 65.891 65.848 65.866 65.843 65.799 65.826 65.745 65.783 65.785 65.728 65.841 65.803 65.828 65.753 65.701 65.765 65.871 65.743 65.823 65.851 65.823 65.780 65.831 65.840 65.794 65.832 65.821 65.859 
13 65.843 65.844 65.795 65.872 65.908 65.893 65.771 65.900 67.191 65.828 65.824 66.462 65.831 68.664 65.827 64.733 65.933 65.915 65.918 68.824 65.882 65.864 65.759 65.944 65.880 65.957 65.875 65.873 65.882 65.899 65.644 65.911 65.631 65.796 65.853 65.822 65.933 65.798 65.896 65.850 65.865 65.923 65.870 65.852 68.754 65.872 65.849 67.924 65.893 65.870 65.927 65.934 65.929 65.832 65.872 65.815 65.861 65.901 65.909 67.095 65.864 65.846 65.816 65.840 65.772 66.117 65.877 65.944 67.695 65.873 65.850 65.874 67.051 66.842 67.442 65.869 66.253 65.849 65.872 65.857 65.852 65.795 66.794 65.915 65.821 65.858 65.910 65.844 65.854 65.886 65.905 65.879 65.847 65.866 65.918 
14 65.857 65.814 65.772 65.843 65.895 66.348 65.723 65.860 66.357 66.377 65.842 65.762 65.781 65.827 67.863 63.871 65.898 65.890 67.990 68.023 65.854 67.349 66.947 66.636 65.864 65.940 65.843 65.844 65.848 65.869 65.654 67.866 66.085 65.770 65.860 66.043 65.906 65.741 65.877 65.810 65.841 65.906 65.811 65.806 65.814 65.815 65.777 66.114 67.365 65.871 65.895 65.911 65.900 67.144 65.847 66.443 65.842 65.851 65.879 66.824 65.885 65.841 65.826 65.855 65.766 65.775 65.879 65.959 65.867 65.893 65.835 65.825 65.832 65.759 65.833 65.837 65.737 66.391 65.815 65.825 65.843 66.024 65.756 67.603 65.792 65.826 65.865 65.809 66.049 65.843 65.868 65.832 67.185 66.144 65.898 
15 63.877 63.870 63.836 63.887 63.924 63.934 63.815 63.920 66.560 63.871 63.870 64.546 63.870 64.733 63.871 67.409 63.938 63.930 63.953 67.482 63.889 63.892 63.848 63.978 63.886 63.973 63.898 63.885 63.906 63.914 63.688 63.948 63.629 63.808 63.882 63.857 63.955 63.830 63.909 63.874 63.899 63.949 63.887 63.870 64.753 63.890 63.867 64.755 63.920 63.880 63.943 63.948 63.944 63.869 63.885 63.906 63.906 63.904 63.925 65.437 63.878 63.902 63.838 63.877 63.815 64.012 63.838 63.967 64.859 63.889 63.882 63.874 66.537 64.851 65.141 63.867 63.846 63.875 63.893 63.882 63.950 63.861 65.299 63.933 63.872 63.887 63.898 63.878 63.886 63.904 63.906 63.898 63.885 63.895 63.942 
16 65.948 65.889 65.875 65.884 65.907 65.895 65.796 65.872 65.503 65.937 65.942 65.807 65.839 65.933 65.898 63.938 65.882 65.922 65.966 65.930 65.876 65.887 65.744 65.963 65.926 65.966 65.927 65.885 65.929 65.944 65.750 65.888 65.714 65.818 65.931 65.890 65.949 65.811 65.958 65.911 65.940 65.941 65.913 65.896 65.892 65.912 65.880 65.878 65.923 65.942 65.913 65.932 65.938 65.860 65.911 65.870 65.878 65.908 65.874 65.915 65.943 65.849 65.862 65.947 65.899 65.830 65.930 65.957 65.928 65.948 65.949 65.886 65.934 65.821 65.850 65.854 65.807 65.936 65.895 65.926 65.873 65.855 65.815 65.938 65.884 65.932 65.918 65.925 65.878 65.914 65.935 65.875 65.893 65.903 65.935 
17 65.935 65.905 65.868 65.914 65.859 65.968 65.830 65.893 65.708 65.920 65.927 65.798 65.841 65.915 65.890 63.930 65.922 66.540 66.064 66.279 65.846 66.144 65.776 65.925 65.933 65.942 66.522 65.869 65.923 65.915 65.703 65.888 65.856 65.854 65.926 65.890 65.925 65.847 65.942 65.905 65.927 65.900 65.870 65.848 65.831 65.867 65.832 65.896 66.283 65.937 65.896 65.877 65.908 65.871 66.068 65.857 65.872 65.899 65.901 66.090 65.926 65.860 65.852 65.935 65.900 65.833 65.933 65.922 65.920 65.928 65.928 65.877 65.922 65.842 66.061 65.844 65.756 65.919 65.895 65.914 65.862 65.834 65.840 65.909 65.860 65.919 65.895 65.905 65.878 65.906 65.923 65.888 65.880 65.888 65.916 
18 65.945 65.935 65.883 65.944 65.939 68.571 65.875 65.952 67.420 66.745 65.948 65.801 65.901 65.918 67.990 63.953 65.966 66.064 74.124 74.146 65.934 69.097 67.839 66.682 65.917 65.994 66.739 65.937 65.963 65.967 65.789 71.402 68.272 65.822 65.928 66.368 65.980 65.879 65.969 65.939 65.944 65.968 65.931 65.913 65.921 65.934 65.910 66.372 70.063 65.934 65.961 65.969 65.966 71.175 66.411 67.052 65.923 65.930 65.955 70.084 65.898 65.920 65.877 65.944 65.903 65.863 65.919 66.467 65.886 65.909 65.943 65.936 65.943 65.813 68.186 65.918 65.809 66.749 65.937 65.932 66.519 66.355 65.809 69.464 65.919 65.943 65.928 65.936 66.381 65.950 65.948 65.944 67.334 66.374 65.982 
19 65.957 65.910 67.107 65.908 65.874 69.337 65.850 65.895 73.945 66.864 65.951 67.257 65.862 68.824 68.023 67.482 65.930 66.279 74.146 88.314 65.870 69.778 68.047 66.654 66.015 66.051 67.475 65.881 65.918 65.942 65.757 71.594 69.191 65.938 65.916 66.346 65.917 65.879 65.956 65.908 65.939 65.898 65.894 65.880 68.762 65.886 65.855 69.222 71.955 65.932 65.899 65.898 65.901 71.681 66.637 67.056 65.896 65.976 65.898 75.471 65.951 65.877 65.848 65.956 65.912 66.463 67.143 66.439 68.270 65.953 65.941 65.880 71.265 67.931 72.486 65.859 67.095 66.872 65.885 65.908 66.575 66.319 69.017 70.461 65.875 65.911 65.929 65.916 66.334 65.903 65.937 65.874 67.413 66.366 65.943 
20 65.898 65.867 65.825 65.864 65.823 65.855 65.780 65.853 65.491 65.886 65.891 65.763 65.797 65.882 65.854 63.889 65.876 65.846 65.934 65.870 65.771 65.863 65.740 65.909 65.892 65.901 65.890 65.832 65.888 65.869 65.643 65.853 65.665 65.806 65.905 65.856 65.902 65.801 65.926 65.861 65.891 65.877 65.845 65.813 65.790 65.845 65.802 65.856 65.857 65.918 65.858 65.835 65.893 65.836 65.895 65.817 65.844 65.873 65.860 65.817 65.907 65.825 65.826 65.897 65.861 65.788 65.907 65.904 65.893 65.904 65.895 65.835 65.887 65.791 65.757 65.756 65.727 65.890 65.857 65.898 65.819 65.791 65.789 65.884 65.824 65.890 65.867 65.871 65.838 65.881 65.903 65.844 65.864 65.864 65.895 
21 65.879 65.832 66.068 65.835 65.900 67.260 65.817 65.862 67.251 66.615 65.875 65.796 65.829 65.864 67.349 63.892 65.887 66.144 69.097 69.778 65.863 69.935 67.365 66.365 65.886 65.957 66.134 65.809 65.888 65.877 65.729 69.292 66.952 65.863 65.874 65.832 65.928 65.830 65.896 65.845 65.875 65.923 65.872 65.854 65.868 65.874 65.855 65.957 69.281 65.884 65.917 65.920 65.914 68.455 65.938 66.317 65.890 65.889 65.878 67.334 65.878 65.869 65.840 65.878 65.818 65.879 66.095 66.140 65.880 65.889 65.880 65.866 65.881 65.754 67.146 65.848 65.801 66.628 65.868 65.883 66.261 65.827 65.774 67.664 65.859 65.875 65.888 65.870 65.844 65.893 65.881 65.838 67.357 65.865 65.951 
22 65.802 65.719 65.742 65.761 65.771 66.177 65.638 65.714 66.971 66.044 65.774 65.672 65.629 65.759 66.947 63.848 65.744 65.776 67.839 68.047 65.740 67.365 67.783 66.520 65.822 65.823 65.771 65.718 65.766 65.797 65.546 67.815 65.821 65.688 65.786 66.183 65.790 65.685 65.808 65.734 65.788 65.792 65.756 65.751 65.734 65.753 65.736 66.171 67.271 65.795 65.761 65.778 65.796 66.646 65.774 66.884 65.741 65.775 65.723 66.308 65.804 65.603 65.689 65.801 65.728 65.673 65.808 66.309 65.800 65.807 65.787 65.755 65.758 65.676 66.011 65.726 65.644 66.035 65.719 65.759 65.704 66.055 65.687 66.571 65.638 65.768 65.770 65.735 66.177 65.745 65.798 65.690 66.428 66.224 65.790 
23 65.964 65.947 65.906 65.952 65.909 66.222 65.885 65.942 66.150 66.021 65.957 65.831 65.896 65.944 66.636 63.978 65.963 65.925 66.682 66.654 65.909 66.365 66.520 66.622 65.944 65.961 65.952 65.922 65.959 65.943 65.762 66.610 65.793 65.865 65.945 66.089 65.962 65.887 65.970 65.943 65.959 65.945 65.898 65.882 65.900 65.916 65.887 66.095 66.306 65.955 65.944 65.938 65.939 66.032 65.934 66.396 65.903 65.934 65.945 66.378 65.955 65.905 65.892 65.963 65.922 65.868 65.950 65.904 65.941 65.956 65.959 65.915 65.951 65.887 65.897 65.900 65.814 66.024 65.944 65.945 65.925 66.065 65.888 66.360 65.916 65.953 65.922 65.947 66.096 65.945 65.950 65.935 66.235 66.091 65.948 
24 65.877 65.873 65.836 65.886 65.921 65.910 65.816 65.909 65.560 65.868 65.871 65.840 65.860 65.880 65.864 63.886 65.926 65.933 65.917 66.015 65.892 65.886 65.822 65.944 65.956 65.958 65.941 65.884 65.905 65.904 65.705 65.915 65.655 65.849 65.874 65.860 65.941 65.831 65.907 65.878 65.894 65.935 65.883 65.875 65.893 65.885 65.864 65.882 65.888 65.894 65.929 65.932 65.940 65.836 65.893 65.830 65.887 65.928 65.913 65.988 65.870 65.888 65.850 65.875 65.836 65.843 65.847 65.939 65.879 65.886 65.881 65.884 65.911 65.834 65.874 65.874 65.802 65.862 65.891 65.877 65.893 65.849 65.838 65.910 65.871 65.887 65.880 65.880 65.873 65.897 65.907 65.898 65.854 65.877 65.935 
25 65.978 65.958 65.927 65.949 65.903 65.919 65.883 65.940 65.558 65.962 65.972 65.934 65.890 65.957 65.940 63.973 65.966 65.942 65.994 66.051 65.901 65.957 65.823 65.961 65.958 66.112 65.984 65.926 65.964 65.955 65.785 65.925 65.796 65.958 65.952 65.930 65.956 65.901 65.984 65.954 65.972 65.949 65.924 65.903 65.891 65.926 65.900 65.945 65.962 65.964 65.928 65.928 65.942 65.920 65.941 65.894 65.905 66.026 65.939 65.927 65.975 65.910 65.890 65.978 65.931 65.895 65.980 65.959 65.960 65.973 65.973 65.922 65.962 65.907 65.899 65.891 65.867 65.965 65.943 65.960 65.922 65.901 65.903 65.954 65.921 65.962 65.950 65.951 65.924 65.953 65.955 65.935 65.925 65.925 65.943 
26 65.898 65.857 65.825 65.882 65.915 65.918 65.804 65.899 65.608 65.877 65.892 65.887 65.838 65.875 65.843 63.898 65.927 66.522 66.739 67.475 65.890 66.134 65.771 65.952 65.941 65.984 67.837 65.876 65.858 65.903 65.700 65.901 66.015 66.011 65.890 65.823 65.932 65.807 65.929 65.855 65.887 65.929 65.880 65.874 65.876 65.880 65.855 65.836 66.698 65.902 65.921 65.938 65.925 66.112 66.414 65.825 65.843 65.992 65.906 66.273 65.930 65.861 65.850 65.897 65.834 65.834 65.915 65.952 65.914 65.929 65.883 65.866 65.893 65.826 66.955 65.876 65.799 65.879 65.863 65.889 65.862 65.810 65.831 65.930 65.841 65.865 65.918 65.868 65.840 65.895 65.920 65.879 65.894 65.880 65.917 
27 65.896 65.831 65.808 65.832 65.851 65.860 65.773 65.838 65.463 65.873 65.888 65.766 65.783 65.873 65.844 63.885 65.885 65.869 65.937 65.881 65.832 65.809 65.718 65.922 65.884 65.926 65.876 65.777 65.879 65.873 65.668 65.863 65.653 65.792 65.889 65.830 65.908 65.779 65.911 65.842 65.884 65.886 65.843 65.828 65.811 65.820 65.815 65.820 65.862 65.894 65.889 65.870 65.868 65.826 65.876 65.820 65.843 65.874 65.858 65.853 65.903 65.824 65.821 65.895 65.829 65.778 65.896 65.921 65.889 65.908 65.888 65.811 65.892 65.781 65.795 65.791 65.752 65.878 65.848 65.881 65.851 65.798 65.775 65.895 65.836 65.872 65.885 65.871 65.830 65.876 65.890 65.804 65.865 65.865 65.896 
28 65.910 65.873 65.829 65.885 65.912 65.885 65.804 65.904 65.479 65.885 65.901 65.795 65.834 65.882 65.848 63.906 65.929 65.923 65.963 65.918 65.888 65.888 65.766 65.959 65.905 65.964 65.858 65.879 65.857 65.908 65.692 65.898 65.699 65.850 65.901 65.839 65.935 65.817 65.936 65.859 65.896 65.933 65.886 65.880 65.873 65.886 65.860 65.850 65.928 65.912 65.918 65.937 65.932 65.884 65.896 65.831 65.831 65.898 65.910 65.921 65.937 65.857 65.829 65.908 65.835 65.838 65.924 65.959 65.918 65.937 65.891 65.874 65.895 65.836 65.872 65.876 65.796 65.892 65.862 65.894 65.859 65.806 65.838 65.937 65.838 65.871 65.926 65.877 65.845 65.898 65.925 65.880 65.904 65.882 65.922 
29 65.910 65.895 65.854 65.894 65.901 65.904 65.836 65.921 65.509 65.904 65.907 65.810 65.847 65.899 65.869 63.914 65.944 65.915 65.967 65.942 65.869 65.877 65.797 65.943 65.904 65.955 65.903 65.873 65.908 65.843 65.718 65.919 65.699 65.854 65.921 65.861 65.954 65.846 65.954 65.894 65.921 65.937 65.872 65.853 65.857 65.874 65.843 65.882 65.900 65.941 65.932 65.924 65.926 65.876 65.927 65.815 65.888 65.907 65.932 65.907 65.945 65.891 65.890 65.909 65.853 65.832 65.934 65.942 65.926 65.943 65.914 65.867 65.915 65.845 65.855 65.859 65.804 65.917 65.896 65.931 65.894 65.833 65.847 65.923 65.868 65.913 65.918 65.906 65.865 65.924 65.914 65.896 65.899 65.880 65.942 
30 65.709 65.667 65.659 65.712 65.689 65.735 65.564 65.714 65.258 65.677 65.647 65.555 65.610 65.644 65.654 63.688 65.750 65.703 65.789 65.757 65.643 65.729 65.546 65.762 65.705 65.785 65.700 65.668 65.692 65.718 64.464 65.679 65.444 65.570 65.686 65.634 65.737 65.645 65.750 65.655 65.710 65.742 65.667 65.624 65.635 65.672 65.585 65.643 65.684 65.710 65.687 65.713 65.737 65.654 65.704 65.677 65.680 65.734 65.715 65.701 65.723 65.649 65.574 65.705 65.586 65.592 65.708 65.772 65.717 65.726 65.693 65.678 65.655 65.647 65.631 65.639 65.486 65.697 65.640 65.670 65.645 65.572 65.668 65.746 65.602 65.667 65.711 65.654 65.669 65.669 65.728 65.706 65.662 65.705 65.727 
31 65.931 65.881 65.870 65.882 65.873 68.035 65.797 65.877 67.279 66.755 65.922 65.800 65.825 65.911 67.866 63.948 65.888 65.888 71.402 71.594 65.853 69.292 67.815 66.610 65.915 65.925 65.901 65.863 65.898 65.919 65.679 71.557 67.455 65.823 65.910 66.157 65.917 65.828 65.936 65.886 65.921 65.906 65.886 65.861 65.855 65.888 65.838 66.152 69.493 65.916 65.879 65.894 65.916 70.175 65.890 66.857 65.863 65.891 65.881 68.590 65.922 65.831 65.819 65.930 65.889 65.818 65.919 66.392 65.907 65.923 65.921 65.885 65.915 65.821 67.347 65.850 65.766 66.762 65.855 65.900 66.483 66.101 65.817 68.504 65.836 65.902 65.910 65.895 66.142 65.875 65.912 65.852 67.398 66.169 65.949 
32 65.634 65.627 66.016 65.651 65.713 67.988 65.562 65.672 66.235 66.483 65.670 65.565 65.622 65.631 66.085 63.629 65.714 65.856 68.272 69.191 65.665 66.952 65.821 65.793 65.655 65.796 66.015 65.653 65.699 65.699 65.444 67.455 67.655 65.559 65.686 65.584 65.738 65.568 65.696 65.631 65.668 65.741 65.654 65.633 65.640 65.659 65.630 66.034 68.563 65.685 65.728 65.729 65.729 67.459 66.049 65.625 65.679 65.673 65.694 67.478 65.662 65.650 65.600 65.632 65.592 65.833 66.087 65.774 65.673 65.713 65.681 65.657 65.661 65.554 67.283 65.645 65.549 66.478 65.665 65.666 66.319 65.577 65.556 67.519 65.641 65.680 65.683 65.663 65.616 65.686 65.687 65.670 66.258 65.648 65.762 
33 65.815 65.786 65.764 65.812 65.835 65.842 65.695 65.801 65.400 65.815 65.800 65.963 65.751 65.796 65.770 63.808 65.818 65.854 65.822 65.938 65.806 65.863 65.688 65.865 65.849 65.958 66.011 65.792 65.850 65.854 65.570 65.823 65.559 66.014 65.822 65.774 65.869 65.717 65.862 65.803 65.816 65.856 65.806 65.798 65.794 65.811 65.774 65.776 65.792 65.834 65.842 65.846 65.865 65.680 65.820 65.766 65.807 66.108 65.810 66.024 65.774 65.793 65.767 65.815 65.766 65.687 65.809 65.851 65.767 65.790 65.822 65.807 65.798 65.621 65.818 65.776 65.689 65.814 65.808 65.793 65.797 65.751 65.636 65.805 65.794 65.817 65.787 65.811 65.778 65.817 65.853 65.791 65.691 65.814 65.860 
34 65.894 65.865 65.774 65.890 65.922 65.876 65.803 65.902 65.475 65.859 65.884 65.782 65.842 65.853 65.860 63.882 65.931 65.926 65.928 65.916 65.905 65.874 65.786 65.945 65.874 65.952 65.890 65.889 65.901 65.921 65.686 65.910 65.686 65.822 65.859 65.852 65.932 65.806 65.912 65.871 65.881 65.929 65.883 65.884 65.882 65.889 65.866 65.852 65.893 65.856 65.932 65.936 65.939 65.847 65.893 65.844 65.864 65.893 65.908 65.919 65.893 65.854 65.850 65.893 65.846 65.812 65.896 65.939 65.883 65.898 65.872 65.899 65.870 65.828 65.886 65.897 65.766 65.839 65.883 65.866 65.869 65.834 65.824 65.917 65.857 65.873 65.903 65.863 65.866 65.895 65.928 65.896 65.863 65.888 65.924 
35 65.839 65.765 65.752 65.835 65.895 65.848 65.707 65.843 65.841 65.828 65.833 65.745 65.779 65.822 66.043 63.857 65.890 65.890 66.368 66.346 65.856 65.832 66.183 66.089 65.860 65.930 65.823 65.830 65.839 65.861 65.634 66.157 65.584 65.774 65.852 66.159 65.891 65.687 65.880 65.789 65.837 65.893 65.805 65.811 65.808 65.807 65.776 66.213 65.874 65.864 65.885 65.901 65.901 65.807 65.854 66.221 65.828 65.840 65.865 65.904 65.870 65.822 65.809 65.838 65.767 65.765 65.873 66.092 65.862 65.880 65.831 65.827 65.823 65.746 65.829 65.838 65.719 65.820 65.809 65.808 65.822 66.147 65.747 65.900 65.777 65.810 65.854 65.799 66.180 65.828 65.870 65.824 65.832 66.286 65.886 
36 65.957 65.916 65.885 65.933 65.906 65.856 65.856 65.886 65.501 65.940 65.951 65.815 65.872 65.933 65.906 63.955 65.949 65.925 65.980 65.917 65.902 65.928 65.790 65.962 65.941 65.956 65.932 65.908 65.935 65.954 65.737 65.917 65.738 65.869 65.932 65.891 65.928 65.855 65.961 65.917 65.950 65.921 65.906 65.902 65.891 65.905 65.880 65.899 65.934 65.940 65.926 65.935 65.935 65.895 65.922 65.881 65.887 65.914 65.899 65.920 65.956 65.883 65.868 65.956 65.901 65.864 65.947 65.960 65.941 65.957 65.949 65.905 65.935 65.878 65.887 65.889 65.804 65.937 65.909 65.923 65.890 65.862 65.875 65.945 65.887 65.930 65.933 65.919 65.898 65.919 65.945 65.900 65.910 65.906 65.905 
37 65.825 65.723 65.776 65.793 65.850 65.862 65.657 65.771 65.360 65.800 65.815 65.752 65.770 65.798 65.741 63.830 65.811 65.847 65.879 65.879 65.801 65.830 65.685 65.887 65.831 65.901 65.807 65.779 65.817 65.846 65.645 65.828 65.568 65.717 65.806 65.687 65.855 65.668 65.861 65.753 65.800 65.865 65.813 65.804 65.816 65.811 65.787 65.703 65.846 65.821 65.854 65.870 65.852 65.768 65.810 65.764 65.807 65.833 65.785 65.865 65.846 65.792 65.786 65.824 65.751 65.735 65.817 65.883 65.841 65.854 65.807 65.765 65.808 65.690 65.768 65.768 65.722 65.803 65.785 65.786 65.764 65.716 65.716 65.863 65.780 65.790 65.806 65.795 65.743 65.803 65.847 65.777 65.805 65.807 65.846 
38 65.946 65.899 65.863 65.911 65.938 65.917 65.860 65.935 65.481 65.901 65.937 65.817 65.868 65.896 65.877 63.909 65.958 65.942 65.969 65.956 65.926 65.896 65.808 65.970 65.907 65.984 65.929 65.911 65.936 65.954 65.750 65.936 65.696 65.862 65.912 65.880 65.961 65.861 65.880 65.906 65.927 65.955 65.909 65.892 65.909 65.916 65.892 65.894 65.932 65.914 65.959 65.960 65.951 65.899 65.895 65.867 65.888 65.912 65.938 65.948 65.908 65.898 65.869 65.944 65.858 65.856 65.888 65.969 65.918 65.934 65.926 65.919 65.909 65.875 65.914 65.917 65.809 65.910 65.918 65.892 65.909 65.873 65.877 65.950 65.891 65.919 65.936 65.896 65.900 65.915 65.914 65.922 65.909 65.909 65.948 
39 65.882 65.803 65.755 65.844 65.903 65.867 65.764 65.865 65.434 65.853 65.870 65.776 65.791 65.850 65.810 63.874 65.911 65.905 65.939 65.908 65.861 65.845 65.734 65.943 65.878 65.954 65.855 65.842 65.859 65.894 65.655 65.886 65.631 65.803 65.871 65.789 65.917 65.753 65.906 65.791 65.850 65.914 65.855 65.849 65.853 65.854 65.826 65.780 65.903 65.880 65.907 65.924 65.912 65.852 65.874 65.798 65.830 65.879 65.884 65.906 65.901 65.836 65.806 65.881 65.796 65.798 65.889 65.943 65.890 65.910 65.871 65.847 65.861 65.801 65.843 65.843 65.757 65.854 65.837 65.857 65.846 65.777 65.800 65.917 65.806 65.851 65.904 65.834 65.813 65.860 65.887 65.851 65.870 65.851 65.905 
40 65.895 65.855 65.783 65.881 65.922 65.897 65.803 65.905 65.470 65.845 65.884 65.801 65.841 65.865 65.841 63.899 65.940 65.927 65.944 65.939 65.891 65.875 65.788 65.959 65.894 65.972 65.887 65.884 65.896 65.921 65.710 65.921 65.668 65.816 65.881 65.837 65.950 65.800 65.927 65.850 65.852 65.942 65.894 65.882 65.893 65.899 65.875 65.838 65.913 65.891 65.943 65.948 65.938 65.863 65.895 65.823 65.862 65.911 65.917 65.930 65.913 65.874 65.865 65.894 65.825 65.823 65.906 65.958 65.898 65.925 65.853 65.887 65.883 65.812 65.873 65.876 65.783 65.872 65.884 65.889 65.884 65.832 65.816 65.934 65.861 65.875 65.919 65.868 65.864 65.910 65.929 65.884 65.885 65.894 65.937 
41 65.952 65.921 65.881 65.927 65.872 65.855 65.857 65.904 65.496 65.932 65.947 65.808 65.875 65.923 65.906 63.949 65.941 65.900 65.968 65.898 65.877 65.923 65.792 65.945 65.935 65.949 65.929 65.886 65.933 65.937 65.742 65.906 65.741 65.856 65.929 65.893 65.921 65.865 65.955 65.914 65.942 65.892 65.891 65.873 65.861 65.877 65.857 65.899 65.914 65.936 65.911 65.909 65.907 65.891 65.910 65.879 65.876 65.910 65.902 65.896 65.944 65.881 65.862 65.952 65.905 65.858 65.942 65.944 65.930 65.947 65.941 65.882 65.939 65.865 65.864 65.867 65.785 65.935 65.908 65.921 65.890 65.868 65.861 65.927 65.886 65.926 65.924 65.922 65.900 65.920 65.939 65.903 65.904 65.885 65.910 
42 65.896 65.866 65.818 65.872 65.841 65.854 65.797 65.880 65.444 65.873 65.887 65.750 65.820 65.870 65.811 63.887 65.913 65.870 65.931 65.894 65.845 65.872 65.756 65.898 65.883 65.924 65.880 65.843 65.886 65.872 65.667 65.886 65.654 65.806 65.883 65.805 65.906 65.813 65.909 65.855 65.894 65.891 65.782 65.759 65.784 65.813 65.784 65.850 65.854 65.890 65.888 65.883 65.880 65.824 65.872 65.811 65.848 65.857 65.886 65.872 65.895 65.856 65.821 65.894 65.825 65.799 65.894 65.901 65.880 65.899 65.881 65.842 65.880 65.780 65.830 65.836 65.726 65.871 65.865 65.871 65.858 65.784 65.782 65.889 65.831 65.879 65.876 65.864 65.815 65.868 65.871 65.872 65.843 65.814 65.894 
43 65.873 65.857 65.809 65.861 65.816 65.850 65.780 65.870 65.449 65.862 65.864 65.742 65.804 65.852 65.806 63.870 65.896 65.848 65.913 65.880 65.813 65.854 65.751 65.882 65.875 65.903 65.874 65.828 65.880 65.853 65.624 65.861 65.633 65.798 65.884 65.811 65.902 65.804 65.892 65.849 65.882 65.873 65.759 65.741 65.752 65.778 65.733 65.847 65.813 65.892 65.870 65.844 65.880 65.800 65.873 65.790 65.847 65.852 65.882 65.829 65.877 65.841 65.819 65.872 65.818 65.770 65.888 65.876 65.870 65.881 65.871 65.842 65.859 65.766 65.798 65.809 65.697 65.858 65.862 65.859 65.839 65.767 65.765 65.856 65.814 65.866 65.848 65.849 65.809 65.860 65.865 65.854 65.824 65.812 65.893 
44 65.883 65.863 65.822 65.858 65.787 65.844 65.784 65.860 67.191 65.868 65.871 66.424 65.806 68.754 65.814 64.753 65.892 65.831 65.921 68.762 65.790 65.868 65.734 65.900 65.893 65.891 65.876 65.811 65.873 65.857 65.635 65.855 65.640 65.794 65.882 65.808 65.891 65.816 65.909 65.853 65.893 65.861 65.784 65.752 68.650 65.766 65.737 67.944 65.857 65.886 65.839 65.824 65.853 65.836 65.864 65.799 65.842 65.846 65.871 66.991 65.887 65.835 65.792 65.882 65.813 66.098 65.885 65.893 67.719 65.889 65.883 65.816 67.091 66.802 67.354 65.783 66.192 65.868 65.844 65.864 65.830 65.758 66.757 65.876 65.805 65.871 65.866 65.842 65.800 65.851 65.859 65.845 65.854 65.797 65.878 
45 65.900 65.866 65.822 65.872 65.826 65.852 65.797 65.878 65.444 65.876 65.891 65.755 65.820 65.872 65.815 63.890 65.912 65.867 65.934 65.886 65.845 65.874 65.753 65.916 65.885 65.926 65.880 65.820 65.886 65.874 65.672 65.888 65.659 65.811 65.889 65.807 65.905 65.811 65.916 65.854 65.899 65.877 65.813 65.778 65.766 65.801 65.785 65.851 65.877 65.893 65.885 65.867 65.861 65.849 65.875 65.815 65.852 65.856 65.884 65.859 65.898 65.855 65.815 65.899 65.828 65.809 65.897 65.914 65.884 65.903 65.886 65.824 65.882 65.786 65.816 65.819 65.728 65.876 65.861 65.872 65.855 65.782 65.783 65.893 65.829 65.879 65.885 65.863 65.813 65.868 65.876 65.867 65.866 65.820 65.894 
46 65.875 65.838 65.809 65.853 65.793 65.832 65.772 65.851 65.415 65.855 65.865 65.733 65.798 65.849 65.777 63.867 65.880 65.832 65.910 65.855 65.802 65.855 65.736 65.887 65.864 65.900 65.855 65.815 65.860 65.843 65.585 65.838 65.630 65.774 65.866 65.776 65.880 65.787 65.892 65.826 65.875 65.857 65.784 65.733 65.737 65.785 65.683 65.821 65.828 65.873 65.845 65.833 65.856 65.804 65.842 65.792 65.826 65.842 65.859 65.824 65.875 65.839 65.789 65.874 65.797 65.771 65.874 65.884 65.862 65.877 65.863 65.818 65.851 65.759 65.785 65.788 65.669 65.855 65.815 65.837 65.837 65.763 65.758 65.858 65.810 65.845 65.858 65.832 65.782 65.831 65.847 65.844 65.832 65.785 65.865 
47 65.861 65.753 66.498 65.821 65.896 66.344 65.715 65.834 67.434 65.874 65.850 66.368 65.761 67.924 66.114 64.755 65.878 65.896 66.372 69.222 65.856 65.957 66.171 66.095 65.882 65.945 65.836 65.820 65.850 65.882 65.643 66.152 66.034 65.776 65.852 66.213 65.899 65.703 65.894 65.780 65.838 65.899 65.850 65.847 67.944 65.851 65.821 69.098 66.541 65.864 65.894 65.910 65.902 65.822 65.855 66.244 65.824 65.868 65.855 66.832 65.880 65.796 65.815 65.859 65.785 66.391 66.632 66.100 67.307 65.884 65.846 65.843 67.026 66.721 67.400 65.841 65.998 65.873 65.824 65.829 65.835 66.222 66.689 66.390 65.804 65.824 65.880 65.827 66.258 65.849 65.887 65.828 65.839 66.308 65.885 
48 65.913 65.896 66.724 65.912 65.869 68.518 65.843 65.903 67.295 66.838 65.911 65.788 65.844 65.893 67.365 63.920 65.923 66.283 70.063 71.955 65.857 69.281 67.271 66.306 65.888 65.962 66.698 65.862 65.928 65.900 65.684 69.493 68.563 65.792 65.893 65.874 65.934 65.846 65.932 65.903 65.913 65.914 65.854 65.813 65.857 65.877 65.828 66.541 71.910 65.908 65.919 65.895 65.902 68.593 66.550 66.270 65.863 65.906 65.905 67.822 65.891 65.865 65.858 65.911 65.877 66.085 66.759 66.065 65.879 65.890 65.913 65.873 65.912 65.813 68.178 65.854 65.763 66.847 65.912 65.907 66.457 65.853 65.814 68.655 65.876 65.913 65.868 65.909 65.894 65.916 65.915 65.884 67.300 65.894 65.956 
49 65.905 65.875 65.789 65.895 65.928 65.887 65.819 65.911 65.473 65.866 65.896 65.791 65.863 65.870 65.871 63.880 65.942 65.937 65.934 65.932 65.918 65.884 65.795 65.955 65.894 65.964 65.902 65.894 65.912 65.941 65.710 65.916 65.685 65.834 65.856 65.864 65.940 65.821 65.914 65.880 65.891 65.936 65.890 65.892 65.886 65.893 65.873 65.864 65.908 65.864 65.939 65.944 65.947 65.867 65.895 65.849 65.871 65.898 65.916 65.928 65.897 65.873 65.843 65.904 65.848 65.830 65.901 65.952 65.869 65.884 65.884 65.909 65.875 65.832 65.894 65.903 65.773 65.842 65.890 65.873 65.883 65.844 65.835 65.926 65.866 65.885 65.913 65.873 65.873 65.897 65.930 65.904 65.877 65.896 65.931 
50 65.947 65.911 65.885 65.909 65.855 65.869 65.829 65.892 65.496 65.934 65.932 65.787 65.851 65.927 65.895 63.943 65.913 65.896 65.961 65.899 65.858 65.917 65.761 65.944 65.929 65.928 65.921 65.889 65.918 65.932 65.687 65.879 65.728 65.842 65.932 65.885 65.926 65.854 65.959 65.907 65.943 65.911 65.888 65.870 65.839 65.885 65.845 65.894 65.919 65.939 65.874 65.884 65.915 65.884 65.905 65.870 65.872 65.890 65.902 65.869 65.940 65.853 65.830 65.947 65.887 65.843 65.934 65.941 65.925 65.941 65.943 65.883 65.921 65.857 65.835 65.836 65.772 65.935 65.880 65.912 65.858 65.827 65.851 65.920 65.855 65.918 65.918 65.896 65.867 65.895 65.926 65.884 65.895 65.884 65.909 
51 65.950 65.928 65.889 65.927 65.840 65.882 65.848 65.904 65.511 65.937 65.940 65.807 65.859 65.934 65.911 63.948 65.932 65.877 65.969 65.898 65.835 65.920 65.778 65.938 65.932 65.928 65.938 65.870 65.937 65.924 65.713 65.894 65.729 65.846 65.936 65.901 65.935 65.870 65.960 65.924 65.948 65.909 65.883 65.844 65.824 65.867 65.833 65.910 65.895 65.944 65.884 65.879 65.901 65.887 65.916 65.872 65.882 65.909 65.912 65.852 65.946 65.873 65.850 65.949 65.900 65.836 65.940 65.933 65.932 65.947 65.949 65.868 65.933 65.865 65.818 65.824 65.770 65.937 65.901 65.930 65.876 65.846 65.862 65.918 65.871 65.936 65.909 65.910 65.891 65.916 65.931 65.893 65.894 65.893 65.920 
52 65.949 65.915 65.877 65.921 65.883 65.881 65.843 65.904 65.512 65.930 65.941 65.807 65.859 65.929 65.900 63.944 65.938 65.908 65.966 65.901 65.893 65.914 65.796 65.939 65.940 65.942 65.925 65.868 65.932 65.926 65.737 65.916 65.729 65.865 65.939 65.901 65.935 65.852 65.951 65.912 65.938 65.907 65.880 65.880 65.853 65.861 65.856 65.902 65.902 65.947 65.915 65.901 65.919 65.883 65.923 65.870 65.879 65.906 65.910 65.883 65.942 65.877 65.874 65.949 65.913 65.846 65.948 65.938 65.936 65.945 65.939 65.881 65.935 65.862 65.859 65.864 65.784 65.928 65.902 65.920 65.885 65.856 65.861 65.922 65.882 65.926 65.915 65.917 65.887 65.916 65.946 65.898 65.890 65.910 65.927 
53 65.855 65.829 65.810 65.854 65.862 67.665 65.751 65.839 66.392 66.687 65.851 65.705 65.791 65.832 67.144 63.869 65.860 65.871 71.175 71.681 65.836 68.455 66.646 66.032 65.836 65.920 66.112 65.826 65.884 65.876 65.654 70.175 67.459 65.680 65.847 65.807 65.895 65.768 65.899 65.852 65.863 65.891 65.824 65.800 65.836 65.849 65.804 65.822 68.593 65.867 65.884 65.887 65.883 71.586 65.843 65.801 65.832 65.863 65.844 69.023 65.827 65.828 65.815 65.854 65.809 65.735 65.849 65.859 65.818 65.838 65.864 65.832 65.852 65.716 67.405 65.818 65.732 66.683 65.859 65.855 66.438 65.802 65.725 68.550 65.838 65.870 65.809 65.858 65.831 65.867 65.870 65.821 66.901 65.847 65.919 
54 65.909 65.867 65.827 65.877 65.900 66.117 65.791 65.889 65.609 65.883 65.893 65.778 65.837 65.872 65.847 63.885 65.911 66.068 66.411 66.637 65.895 65.938 65.774 65.934 65.893 65.941 66.414 65.876 65.896 65.927 65.704 65.890 66.049 65.820 65.893 65.854 65.922 65.810 65.895 65.874 65.895 65.910 65.872 65.873 65.864 65.875 65.842 65.855 66.550 65.895 65.905 65.916 65.923 65.843 66.590 65.837 65.849 65.879 65.896 66.185 65.888 65.841 65.835 65.907 65.845 65.813 65.890 65.931 65.883 65.895 65.897 65.888 65.875 65.824 66.608 65.877 65.756 65.878 65.859 65.855 65.852 65.815 65.822 65.905 65.841 65.871 65.897 65.861 65.848 65.873 65.913 65.877 65.854 65.881 65.913 
55 65.815 65.805 65.760 65.826 65.854 66.045 65.757 65.849 66.478 65.815 65.809 65.744 65.767 65.815 66.443 63.906 65.870 65.857 67.052 67.056 65.817 66.317 66.884 66.396 65.830 65.894 65.825 65.820 65.831 65.815 65.677 66.857 65.625 65.766 65.844 66.221 65.881 65.764 65.867 65.798 65.823 65.879 65.811 65.790 65.799 65.815 65.792 66.244 66.270 65.849 65.870 65.872 65.870 65.801 65.837 66.952 65.827 65.844 65.860 66.199 65.848 65.825 65.802 65.814 65.718 65.764 65.845 66.363 65.837 65.855 65.812 65.799 65.811 65.750 65.802 65.805 65.749 65.820 65.810 65.834 65.843 66.213 65.753 66.099 65.792 65.820 65.845 65.805 66.233 65.841 65.841 65.821 65.982 66.262 65.869 
56 65.890 65.834 65.845 65.847 65.856 65.860 65.781 65.847 65.455 65.865 65.881 65.758 65.801 65.861 65.842 63.906 65.878 65.872 65.923 65.896 65.844 65.890 65.741 65.903 65.887 65.905 65.843 65.843 65.831 65.888 65.680 65.863 65.679 65.807 65.864 65.828 65.887 65.807 65.888 65.830 65.862 65.876 65.848 65.847 65.842 65.852 65.826 65.824 65.863 65.871 65.872 65.882 65.879 65.832 65.849 65.827 65.836 65.850 65.856 65.889 65.895 65.812 65.787 65.889 65.834 65.796 65.899 65.898 65.884 65.895 65.875 65.848 65.872 65.806 65.842 65.830 65.757 65.869 65.846 65.851 65.827 65.800 65.819 65.880 65.813 65.854 65.872 65.847 65.831 65.853 65.880 65.833 65.845 65.858 65.874 
57 65.922 65.884 65.854 65.877 65.886 65.881 65.820 65.885 65.460 65.898 65.918 66.030 65.841 65.901 65.851 63.904 65.908 65.899 65.930 65.976 65.873 65.889 65.775 65.934 65.928 66.026 65.992 65.874 65.898 65.907 65.734 65.891 65.673 66.108 65.893 65.840 65.914 65.833 65.912 65.879 65.911 65.910 65.857 65.852 65.846 65.856 65.842 65.868 65.906 65.898 65.890 65.909 65.906 65.863 65.879 65.844 65.850 66.147 65.893 65.962 65.897 65.865 65.822 65.921 65.858 65.824 65.896 65.932 65.894 65.908 65.907 65.879 65.917 65.814 65.862 65.866 65.748 65.898 65.885 65.886 65.855 65.819 65.818 65.911 65.850 65.902 65.894 65.882 65.838 65.882 65.878 65.874 65.877 65.859 65.900 
58 65.933 65.864 65.854 65.883 65.885 65.838 65.783 65.819 65.478 65.915 65.926 65.792 65.813 65.909 65.879 63.925 65.874 65.901 65.955 65.898 65.860 65.878 65.723 65.945 65.913 65.939 65.906 65.858 65.910 65.932 65.715 65.881 65.694 65.810 65.908 65.865 65.899 65.785 65.938 65.884 65.917 65.902 65.886 65.882 65.871 65.884 65.859 65.855 65.905 65.916 65.902 65.912 65.910 65.844 65.896 65.860 65.856 65.893 65.836 65.895 65.932 65.827 65.847 65.932 65.877 65.813 65.917 65.939 65.917 65.936 65.927 65.860 65.912 65.811 65.834 65.834 65.783 65.913 65.880 65.898 65.851 65.833 65.806 65.921 65.862 65.907 65.896 65.894 65.868 65.893 65.921 65.841 65.882 65.887 65.885 
