60.581 60.583 60.547 60.604 60.649 60.612 60.538 60.635 58.174 60.611 60.608 60.449 60.570 60.608 60.617 57.781 60.635 60.626 60.370 46.181 60.640 60.611 60.582 60.636 60.605 60.670 60.602 60.590 60.603 60.634 60.337 60.643 51.902 60.586 60.620 60.600 60.648 60.552 60.620 60.584 60.620 60.646 60.578 60.592 60.592 60.518 60.570 60.588 60.603 60.602 60.628 60.638 60.639 60.585 60.628 60.571 60.553 60.461 60.625 50.841 60.604 60.582 60.577 60.572 60.611 59.526 60.590 60.635 60.608 60.601 60.645 60.634 60.632 60.597 60.595 60.623 60.469 60.633 60.621 60.599 60.610 60.585 60.598 60.629 60.548 60.611 60.564 60.560 60.606 60.596 60.599 60.602 60.366 60.590 60.624 
60.583 60.525 60.498 60.551 60.618 60.578 60.493 60.607 58.149 60.563 60.611 60.370 60.520 60.604 60.575 57.766 60.572 60.578 60.341 46.151 60.606 60.575 60.546 60.618 60.584 60.638 60.571 60.552 60.561 60.610 60.288 60.565 51.845 60.540 60.586 60.558 60.613 60.489 60.578 60.542 60.598 60.615 60.533 60.551 60.550 60.474 60.527 60.546 60.596 60.543 60.574 60.598 60.596 60.546 60.585 60.531 60.514 60.365 60.577 50.800 60.580 60.563 60.571 60.577 60.581 59.508 60.572 60.612 60.577 60.569 60.595 60.593 60.594 60.559 60.584 60.586 60.435 60.593 60.579 60.535 60.572 60.543 60.564 60.612 60.507 60.574 60.570 60.526 60.561 60.551 60.551 60.553 60.364 60.577 60.591 
60.547 60.498 61.706 60.526 60.585 60.575 60.455 60.569 58.196 60.516 60.575 60.715 60.492 60.571 60.544 57.754 60.532 60.548 61.042 46.320 60.572 61.601 60.508 60.588 60.558 60.611 60.542 60.514 60.530 60.581 60.247 61.693 51.806 60.674 60.543 60.515 60.579 60.505 60.547 60.501 60.562 60.583 60.494 60.514 60.514 60.492 60.488 61.695 61.706 60.528 60.551 60.564 60.561 60.592 60.554 60.488 60.492 60.317 60.541 51.094 60.545 60.527 60.525 60.536 60.534 59.492 61.740 60.584 60.544 60.530 60.554 60.556 60.559 60.524 60.850 60.548 60.384 60.557 60.536 60.493 61.605 60.500 60.529 61.434 60.478 60.537 60.533 60.481 60.523 60.513 60.514 60.523 60.577 60.540 60.556 
60.604 60.551 60.526 60.543 60.613 60.580 60.540 60.600 58.165 60.574 60.624 60.412 60.519 60.620 60.581 57.771 60.572 60.581 60.357 46.158 60.602 60.579 60.560 60.613 60.607 60.621 60.581 60.552 60.567 60.605 60.310 60.576 51.883 60.556 60.593 60.573 60.613 60.522 60.579 60.563 60.590 60.606 60.541 60.560 60.559 60.479 60.542 60.555 60.597 60.557 60.592 60.596 60.591 60.561 60.588 60.523 60.559 60.429 60.588 50.819 60.595 60.587 60.579 60.593 60.597 59.528 60.598 60.601 60.595 60.588 60.599 60.590 60.593 60.574 60.597 60.586 60.446 60.588 60.589 60.570 60.578 60.561 60.579 60.609 60.524 60.597 60.571 60.542 60.576 60.569 60.566 60.577 60.370 60.584 60.588 
60.649 60.618 60.585 60.613 60.644 60.625 60.613 60.629 58.219 60.623 60.659 60.506 60.595 60.656 60.623 57.813 60.611 60.615 60.406 46.195 60.626 60.634 60.598 60.646 60.657 60.647 60.620 60.601 60.627 60.645 60.338 60.614 51.945 60.599 60.624 60.614 60.644 60.589 60.642 60.620 60.618 60.645 60.596 60.602 60.602 60.531 60.589 60.601 60.635 60.618 60.618 60.625 60.628 60.603 60.630 60.589 60.610 60.472 60.628 50.867 60.649 60.635 60.612 60.644 60.641 59.573 60.647 60.636 60.644 60.639 60.630 60.632 60.628 60.624 60.623 60.621 60.493 60.632 60.625 60.636 60.613 60.600 60.627 60.648 60.572 60.647 60.597 60.585 60.610 60.617 60.614 60.634 60.405 60.620 60.629 
60.612 60.578 60.575 60.580 60.625 64.808 60.578 60.603 61.521 60.588 60.632 61.560 60.560 61.024 60.599 59.061 60.578 60.593 60.448 46.620 60.604 60.977 61.280 60.711 60.790 60.637 60.593 60.578 60.588 60.628 60.388 60.584 51.911 60.590 60.666 60.899 60.610 60.576 60.618 60.583 60.593 60.620 60.566 60.582 61.277 60.605 60.560 61.520 60.741 60.584 60.599 60.606 60.604 61.232 60.598 60.883 60.596 61.346 60.596 51.961 60.621 60.594 60.587 60.586 60.605 60.470 60.603 60.723 60.941 60.604 60.605 60.606 61.957 60.603 61.240 60.602 60.917 60.606 60.602 60.598 61.185 60.883 60.775 61.200 60.546 60.606 60.579 60.560 60.907 60.582 60.585 60.594 61.211 60.925 60.597 
60.538 60.493 60.455 60.540 60.613 60.578 60.414 60.616 58.138 60.564 60.560 60.335 60.480 60.554 60.555 57.747 60.596 60.579 60.300 46.164 60.595 60.550 60.528 60.611 60.558 60.636 60.549 60.518 60.550 60.589 60.288 60.604 51.843 60.505 60.595 60.545 60.618 60.464 60.572 60.491 60.602 60.614 60.496 60.509 60.508 60.437 60.485 60.533 60.575 60.536 60.580 60.592 60.595 60.529 60.590 60.510 60.504 60.340 60.593 50.804 60.554 60.513 60.532 60.530 60.542 59.462 60.539 60.613 60.537 60.530 60.611 60.597 60.593 60.511 60.581 60.568 60.407 60.598 60.556 60.544 60.555 60.531 60.519 60.595 60.453 60.542 60.548 60.461 60.547 60.537 60.546 60.537 60.335 60.529 60.594 
60.635 60.607 60.569 60.600 60.629 60.603 60.616 60.600 58.208 60.607 60.656 60.506 60.578 60.652 60.613 57.803 60.594 60.603 60.394 46.182 60.626 60.620 60.585 60.627 60.645 60.631 60.616 60.574 60.618 60.639 60.334 60.595 51.926 60.579 60.600 60.595 60.637 60.577 60.639 60.606 60.588 60.624 60.564 60.581 60.580 60.503 60.566 60.579 60.624 60.611 60.616 60.619 60.616 60.582 60.628 60.557 60.601 60.472 60.607 50.855 60.652 60.627 60.613 60.629 60.639 59.560 60.635 60.620 60.641 60.634 60.609 60.617 60.618 60.611 60.598 60.610 60.473 60.617 60.623 60.633 60.605 60.585 60.604 60.632 60.541 60.636 60.580 60.555 60.595 60.602 60.604 60.624 60.386 60.593 60.603 
58.174 58.149 58.196 58.165 58.219 61.521 58.138 58.208 66.110 58.185 58.202 60.419 58.144 58.212 58.710 57.181 58.218 58.190 58.646 46.253 58.666 59.675 60.374 58.285 58.428 58.234 58.330 58.176 58.177 58.219 58.165 58.485 49.439 58.159 58.385 59.256 58.221 58.126 58.201 58.162 58.192 58.213 58.152 58.177 59.046 58.247 58.155 59.613 59.349 58.175 58.196 58.212 58.208 60.064 58.196 59.214 58.136 59.255 58.205 52.912 58.189 58.166 58.155 58.147 58.192 58.943 58.245 58.945 58.788 58.216 58.211 58.211 60.423 58.180 60.150 58.206 58.675 58.209 58.201 58.173 59.105 59.236 58.312 59.165 58.125 58.199 58.193 58.139 59.262 58.184 58.180 58.183 59.309 59.252 58.211 
60.611 60.563 60.516 60.574 60.623 60.588 60.564 60.607 58.185 60.564 60.636 60.468 60.546 60.632 60.588 57.793 60.571 60.593 60.361 46.159 60.621 60.598 60.554 60.630 60.606 60.629 60.588 60.560 60.584 60.632 60.290 60.563 51.891 60.560 60.577 60.569 60.618 60.536 60.621 60.563 60.600 60.619 60.541 60.560 60.559 60.483 60.535 60.547 60.611 60.577 60.598 60.608 60.605 60.572 60.607 60.547 60.558 60.410 60.580 50.824 60.636 60.582 60.581 60.605 60.591 59.533 60.588 60.616 60.595 60.587 60.595 60.596 60.597 60.579 60.586 60.590 60.435 60.597 60.580 60.597 60.580 60.558 60.580 60.616 60.527 60.589 60.584 60.533 60.572 60.562 60.580 60.579 60.382 60.594 60.595 
60.608 60.611 60.575 60.624 60.659 60.632 60.560 60.656 58.202 60.636 60.621 60.462 60.596 60.620 60.633 57.790 60.653 60.638 60.392 46.209 60.652 60.627 60.611 60.650 60.632 60.679 60.618 60.613 60.632 60.647 60.357 60.655 51.935 60.600 60.647 60.631 60.669 60.580 60.638 60.612 60.646 60.657 60.597 60.606 60.606 60.532 60.592 60.615 60.629 60.627 60.641 60.651 60.651 60.605 60.644 60.604 60.578 60.499 60.651 50.867 60.607 60.604 60.595 60.602 60.637 59.543 60.618 60.649 60.635 60.628 60.657 60.650 60.648 60.614 60.611 60.637 60.501 60.649 60.633 60.620 60.632 60.618 60.612 60.646 60.580 60.636 60.583 60.588 60.629 60.625 60.618 60.632 60.386 60.603 60.640 
60.449 60.370 60.715 60.412 60.506 61.560 60.335 60.506 60.419 60.468 60.462 64.074 60.352 60.540 60.737 58.342 60.480 60.801 60.893 46.719 61.095 62.325 61.740 60.574 60.874 60.545 60.645 60.412 60.441 60.483 60.374 61.568 51.671 60.944 60.646 61.055 60.523 60.348 60.457 60.394 60.491 60.514 60.386 60.403 60.711 60.571 60.391 61.247 62.020 60.425 60.454 60.485 60.492 61.729 60.699 60.984 60.377 60.349 60.491 52.670 60.429 60.413 60.416 60.430 60.443 60.528 60.794 61.044 60.664 60.926 60.497 60.500 60.654 60.403 61.784 60.463 60.347 60.499 60.447 60.432 61.331 61.039 60.551 61.372 60.335 60.466 60.472 60.347 61.056 60.432 60.434 60.436 61.214 61.021 60.737 
60.570 60.520 60.492 60.519 60.595 60.560 60.480 60.578 58.144 60.546 60.596 60.352 60.469 60.591 60.553 57.751 60.557 60.561 60.328 46.138 60.583 60.557 60.519 60.593 60.579 60.621 60.557 60.526 60.546 60.592 60.266 60.527 51.840 60.525 60.563 60.541 60.596 60.492 60.550 60.529 60.569 60.595 60.513 60.530 60.529 60.452 60.507 60.522 60.572 60.536 60.567 60.576 60.573 60.529 60.569 60.505 60.505 60.332 60.558 50.783 60.551 60.544 60.545 60.562 60.569 59.484 60.566 60.592 60.565 60.558 60.570 60.570 60.571 60.540 60.561 60.564 60.396 60.570 60.566 60.526 60.553 60.515 60.546 60.587 60.487 60.561 60.557 60.501 60.542 60.536 60.536 60.547 60.340 60.542 60.569 
60.608 60.604 60.571 60.620 60.656 61.024 60.554 60.652 58.212 60.632 60.620 60.540 60.591 61.402 60.628 58.025 60.648 60.633 60.388 46.255 60.648 60.623 60.605 60.647 60.627 60.675 60.613 60.608 60.625 60.643 60.353 60.651 51.923 60.598 60.643 60.627 60.665 60.576 60.634 60.607 60.641 60.654 60.595 60.604 60.603 60.568 60.591 60.609 60.623 60.623 60.636 60.646 60.647 60.600 60.639 60.598 60.571 60.480 60.646 51.306 60.598 60.596 60.592 60.599 60.633 59.538 60.610 60.645 60.631 60.624 60.653 60.646 61.048 60.606 60.611 60.634 60.491 60.644 60.630 60.615 60.627 60.614 60.657 60.643 60.576 60.631 60.581 60.585 60.625 60.621 60.614 60.625 60.386 60.602 60.638 
60.617 60.575 60.544 60.581 60.623 60.599 60.555 60.613 58.710 60.588 60.633 60.737 60.553 60.628 61.083 57.789 60.580 60.589 60.387 46.206 60.616 60.709 61.093 60.626 60.627 60.640 60.582 60.567 60.598 60.627 60.319 60.582 51.899 60.537 60.607 60.949 60.633 60.545 60.615 60.582 60.598 60.624 60.547 60.552 60.551 60.482 60.540 60.566 60.638 60.581 60.588 60.607 60.613 60.898 60.601 60.926 60.552 60.360 60.588 51.358 60.625 60.600 60.592 60.605 60.610 59.665 60.619 60.990 60.610 60.602 60.605 60.594 60.587 60.584 60.654 60.575 60.448 60.597 60.585 60.610 60.593 60.937 60.572 60.617 60.524 60.607 60.576 60.536 60.943 60.565 60.583 60.590 60.390 60.950 60.601 
57.781 57.766 57.754 57.771 57.813 59.061 57.747 57.803 57.181 57.793 57.790 58.342 57.751 58.025 57.789 61.377 57.790 57.808 57.810 44.955 57.822 57.830 57.761 57.812 57.915 57.844 57.793 57.770 57.793 57.817 57.802 57.825 49.096 57.776 57.835 57.767 57.818 57.756 57.793 57.772 57.790 57.814 57.758 57.766 58.650 57.724 57.752 58.670 57.813 57.778 57.792 57.801 57.803 57.790 57.805 57.736 57.764 57.914 57.796 51.371 57.773 57.776 57.760 57.768 57.792 57.665 57.786 57.809 59.202 57.803 57.807 57.804 60.091 57.776 59.592 57.795 57.686 57.805 57.795 57.764 57.779 57.751 57.829 57.936 57.738 57.798 57.807 57.750 57.772 57.779 57.784 57.794 57.805 57.749 57.802 
60.635 60.572 60.532 60.572 60.611 60.578 60.596 60.594 58.218 60.571 60.653 60.480 60.557 60.648 60.580 57.790 60.536 60.586 60.384 46.152 60.625 60.609 60.552 60.642 60.630 60.619 60.603 60.553 60.604 60.647 60.312 60.532 51.906 60.560 60.575 60.554 60.614 60.540 60.618 60.572 60.576 60.614 60.530 60.543 60.543 60.470 60.518 60.546 60.621 60.579 60.586 60.598 60.599 60.583 60.603 60.546 60.594 60.399 60.568 50.826 60.649 60.602 60.600 60.621 60.622 59.548 60.626 60.619 60.616 60.608 60.582 60.584 60.582 60.595 60.596 60.575 60.420 60.586 60.574 60.612 60.569 60.537 60.588 60.635 60.509 60.609 60.584 60.508 60.546 60.554 60.583 60.590 60.386 60.582 60.588 
60.626 60.578 60.548 60.581 60.615 60.593 60.579 60.603 58.190 60.593 60.638 60.801 60.561 60.633 60.589 57.808 60.586 60.998 60.443 46.174 60.671 61.037 60.572 60.620 60.632 60.630 60.594 60.558 60.602 60.619 60.372 61.028 51.912 60.750 60.601 60.590 60.627 60.549 60.612 60.588 60.588 60.612 60.559 60.569 60.568 60.493 60.551 60.571 60.941 60.581 60.582 60.593 60.591 60.564 60.603 60.553 60.580 60.444 60.602 50.886 60.618 60.604 60.588 60.617 60.614 59.536 60.618 60.609 60.615 61.046 60.603 60.604 60.604 60.590 60.686 60.597 60.455 60.602 60.599 60.601 60.580 60.580 60.591 60.622 60.528 60.612 60.589 60.550 60.588 60.581 60.586 60.598 60.434 60.596 60.783 
60.370 60.341 61.042 60.357 60.406 60.448 60.300 60.394 58.646 60.361 60.392 60.893 60.328 60.388 60.387 57.810 60.384 60.443 63.128 46.350 60.449 62.317 61.150 60.393 60.431 60.419 60.367 60.349 60.354 60.384 60.541 61.584 51.663 60.390 60.411 60.370 60.402 60.311 60.370 60.341 60.384 60.398 60.324 60.349 60.411 60.317 60.315 61.162 62.776 60.358 60.382 60.395 60.388 61.582 60.401 60.344 60.312 60.237 60.380 52.225 60.365 60.344 60.351 60.359 60.363 59.700 61.097 60.411 60.391 60.416 60.393 60.384 60.402 60.352 60.505 60.380 60.249 60.384 60.366 60.351 62.424 60.352 60.380 62.717 60.307 60.359 60.441 60.319 60.368 60.349 60.338 60.356 61.963 60.367 60.407 
46.181 46.151 46.320 46.158 46.195 46.620 46.164 46.182 46.253 46.159 46.209 46.719 46.138 46.255 46.206 44.955 46.152 46.174 46.350 48.067 46.345 46.869 46.647 46.193 46.292 46.190 46.166 46.159 46.156 46.199 46.121 46.360 40.397 46.185 46.196 46.161 46.182 46.124 46.180 46.155 46.172 46.191 46.145 46.162 46.485 46.184 46.139 46.577 46.685 46.157 46.172 46.184 46.181 46.663 46.292 46.141 46.142 46.171 46.165 41.245 46.194 46.159 46.151 46.161 46.177 46.150 46.367 46.196 46.528 46.172 46.182 46.182 46.844 46.171 47.143 46.175 46.195 46.183 46.173 46.180 46.352 46.147 46.192 46.473 46.131 46.175 46.180 46.146 46.166 46.153 46.165 46.160 46.190 46.177 46.176 
60.640 60.606 60.572 60.602 60.626 60.604 60.595 60.626 58.666 60.621 60.652 61.095 60.583 60.648 60.616 57.822 60.625 60.671 60.449 46.345 61.957 61.972 61.209 60.635 60.650 60.643 61.180 60.591 60.631 60.639 60.381 61.215 51.911 60.567 60.621 60.598 60.645 60.576 60.630 60.609 60.612 60.629 60.571 60.575 60.574 60.505 60.565 60.589 61.975 60.613 60.610 60.619 60.623 61.584 60.624 60.566 60.588 60.451 60.627 51.379 60.637 60.631 60.600 60.628 60.632 59.554 60.638 60.626 60.637 60.912 60.626 60.626 60.621 60.607 61.969 60.613 60.483 60.625 60.626 60.617 60.603 60.582 60.599 60.638 60.558 60.641 60.623 60.572 60.594 60.614 60.601 60.630 60.434 60.607 60.879 
60.611 60.575 61.601 60.579 60.634 60.977 60.550 60.620 59.675 60.598 60.627 62.325 60.557 60.623 60.709 57.830 60.609 61.037 62.317 46.869 61.972 66.586 63.454 60.701 60.628 60.664 61.312 60.576 60.602 60.635 60.429 63.208 51.891 61.054 60.611 60.646 60.640 60.570 60.606 60.582 60.611 60.639 60.574 60.583 60.582 60.603 60.567 61.604 65.277 60.585 60.604 60.613 60.614 64.298 60.616 60.619 60.574 60.436 60.608 53.072 60.596 60.597 60.596 60.598 60.610 59.923 61.641 60.674 60.605 61.542 60.617 60.616 60.615 60.592 63.420 60.609 60.465 60.615 60.609 60.580 63.287 60.630 60.596 63.268 60.548 60.606 60.615 60.559 60.650 60.591 60.594 60.601 62.508 60.653 61.295 
60.582 60.546 60.508 60.560 60.598 61.280 60.528 60.585 60.374 60.554 60.611 61.740 60.519 60.605 61.093 57.761 60.552 60.572 61.150 46.647 61.209 63.454 64.677 60.684 60.587 60.615 60.871 60.552 60.567 60.601 60.285 60.659 51.835 60.532 60.567 61.513 60.593 60.517 60.574 60.550 60.559 60.598 60.527 60.540 60.539 60.498 60.510 60.523 62.526 60.558 60.565 60.584 60.587 64.094 60.579 61.493 60.529 60.355 60.566 53.269 60.589 60.569 60.547 60.566 60.566 60.223 60.569 61.328 60.575 60.562 60.585 60.585 60.581 60.562 62.126 60.570 60.414 60.584 60.558 60.560 62.024 61.470 60.557 62.006 60.482 60.575 60.559 60.502 61.514 60.538 60.538 60.555 62.171 61.520 60.577 
60.636 60.618 60.588 60.613 60.646 60.711 60.611 60.627 58.285 60.630 60.650 60.574 60.593 60.647 60.626 57.812 60.642 60.620 60.393 46.193 60.635 60.701 60.684 60.714 60.646 60.644 60.623 60.595 60.624 60.642 60.327 60.649 51.947 60.598 60.632 60.664 60.658 60.594 60.647 60.620 60.615 60.641 60.579 60.601 60.600 60.528 60.590 60.618 60.662 60.627 60.631 60.632 60.628 60.685 60.642 60.619 60.604 60.495 60.637 50.953 60.635 60.619 60.620 60.634 60.641 59.649 60.634 60.643 60.639 60.632 60.627 60.627 60.630 60.614 60.592 60.621 60.473 60.625 60.636 60.633 60.704 60.644 60.614 60.710 60.571 60.635 60.578 60.583 60.658 60.622 60.613 60.634 60.445 60.655 60.624 
60.605 60.584 60.558 60.607 60.657 60.790 60.558 60.645 58.428 60.606 60.632 60.874 60.579 60.627 60.627 57.915 60.630 60.632 60.431 46.292 60.650 60.628 60.587 60.646 61.039 60.667 60.624 60.602 60.607 60.649 60.387 60.648 51.906 60.651 60.627 60.606 60.647 60.563 60.638 60.585 60.634 60.647 60.581 60.600 60.693 60.614 60.576 60.688 60.623 60.607 60.635 60.645 60.639 60.604 60.642 60.578 60.561 60.572 60.623 50.926 60.629 60.590 60.603 60.597 60.620 59.642 60.601 60.647 60.674 60.605 60.645 60.634 60.688 60.606 60.782 60.628 60.603 60.633 60.626 60.614 60.608 60.592 60.674 60.658 60.568 60.609 60.598 60.579 60.615 60.602 60.604 60.600 60.437 60.617 60.630 
60.670 60.638 60.611 60.621 60.647 60.637 60.636 60.631 58.234 60.629 60.679 60.545 60.621 60.675 60.640 57.844 60.619 60.630 60.419 46.190 60.643 60.664 60.615 60.644 60.667 60.662 60.632 60.624 60.632 60.657 60.357 60.624 51.948 60.634 60.630 60.629 60.641 60.613 60.650 60.642 60.627 60.644 60.610 60.627 60.626 60.554 60.612 60.615 60.652 60.633 60.635 60.636 60.631 60.635 60.637 60.603 60.620 60.506 60.636 50.866 60.664 60.652 60.641 60.667 60.651 59.608 60.656 60.639 60.657 60.658 60.631 60.631 60.634 60.649 60.656 60.632 60.514 60.631 60.640 60.639 60.622 60.620 60.652 60.648 60.606 60.652 60.614 60.620 60.631 60.630 60.618 60.642 60.424 60.633 60.620 
60.602 60.571 60.542 60.581 60.620 60.593 60.549 60.616 58.330 60.588 60.618 60.645 60.557 60.613 60.582 57.793 60.603 60.594 60.367 46.166 61.180 61.312 60.871 60.623 60.624 60.632 61.398 60.574 60.590 60.622 60.316 60.842 51.897 60.558 60.601 60.590 60.627 60.547 60.598 60.579 60.605 60.620 60.558 60.571 60.570 60.498 60.550 60.569 61.323 60.582 60.595 60.610 60.611 61.266 60.601 60.563 60.563 60.426 60.608 50.984 60.605 60.585 60.581 60.590 60.591 59.522 60.595 60.619 60.599 60.647 60.617 60.610 60.608 60.586 61.414 60.598 60.438 60.610 60.589 60.596 60.584 60.571 60.585 60.605 60.534 60.599 60.583 60.547 60.591 60.578 60.579 60.585 60.385 60.585 60.646 
60.590 60.552 60.514 60.552 60.601 60.578 60.518 60.574 58.176 60.560 60.613 60.412 60.526 60.608 60.567 57.770 60.553 60.558 60.349 46.159 60.591 60.576 60.552 60.595 60.602 60.624 60.574 60.525 60.573 60.595 60.290 60.532 51.852 60.532 60.572 60.555 60.610 60.521 60.580 60.551 60.559 60.599 60.517 60.534 60.533 60.456 60.519 60.537 60.591 60.562 60.571 60.574 60.571 60.534 60.589 60.523 60.532 60.366 60.566 50.816 60.581 60.578 60.576 60.583 60.591 59.513 60.592 60.588 60.590 60.583 60.571 60.573 60.574 60.556 60.567 60.565 60.425 60.573 60.574 60.561 60.574 60.545 60.557 60.606 60.498 60.585 60.554 60.512 60.554 60.551 60.551 60.573 60.358 60.560 60.569 
60.603 60.561 60.530 60.567 60.627 60.588 60.550 60.618 58.177 60.584 60.632 60.441 60.546 60.625 60.598 57.793 60.604 60.602 60.354 46.156 60.631 60.602 60.567 60.624 60.607 60.632 60.590 60.573 60.561 60.617 60.313 60.603 51.899 60.573 60.600 60.589 60.627 60.533 60.606 60.572 60.608 60.619 60.552 60.577 60.576 60.496 60.551 60.572 60.596 60.574 60.601 60.617 60.611 60.580 60.598 60.548 60.556 60.439 60.608 50.826 60.611 60.579 60.584 60.596 60.600 59.525 60.589 60.622 60.599 60.592 60.618 60.609 60.613 60.587 60.598 60.603 60.444 60.608 60.597 60.592 60.586 60.576 60.591 60.618 60.536 60.594 60.578 60.550 60.591 60.580 60.578 60.582 60.373 60.603 60.600 
60.634 60.610 60.581 60.605 60.645 60.628 60.589 60.639 58.219 60.632 60.647 60.483 60.592 60.643 60.627 57.817 60.647 60.619 60.384 46.199 60.639 60.635 60.601 60.642 60.649 60.657 60.622 60.595 60.617 60.649 60.345 60.649 51.941 60.595 60.638 60.626 60.659 60.587 60.637 60.612 60.629 60.643 60.586 60.601 60.600 60.522 60.583 60.614 60.630 60.616 60.631 60.636 60.632 60.599 60.635 60.587 60.592 60.483 60.641 50.867 60.614 60.619 60.613 60.628 60.632 59.557 60.630 60.642 60.629 60.623 60.640 60.638 60.640 60.615 60.620 60.627 60.483 60.637 60.633 60.618 60.612 60.609 60.617 60.640 60.568 60.632 60.593 60.588 60.626 60.617 60.613 60.630 60.385 60.625 60.623 
60.337 60.288 60.247 60.310 60.338 60.388 60.288 60.334 58.165 60.290 60.357 60.374 60.266 60.353 60.319 57.802 60.312 60.372 60.541 46.121 60.381 60.429 60.285 60.327 60.387 60.357 60.316 60.290 60.313 60.345 60.465 60.402 51.633 60.306 60.351 60.309 60.346 60.262 60.332 60.289 60.320 60.338 60.255 60.272 60.334 60.201 60.246 60.364 60.401 60.308 60.318 60.328 60.330 60.335 60.346 60.275 60.277 60.161 60.315 50.879 60.348 60.303 60.291 60.330 60.313 59.462 60.316 60.352 60.347 60.364 60.328 60.326 60.334 60.300 60.418 60.314 60.153 60.325 60.308 60.314 60.289 60.281 60.315 60.324 60.239 60.308 60.394 60.258 60.306 60.291 60.293 60.301 60.541 60.312 60.348 
60.643 60.565 61.693 60.576 60.614 60.584 60.604 60.595 58.485 60.563 60.655 61.568 60.527 60.651 60.582 57.825 60.532 61.028 61.584 46.360 61.215 63.208 60.659 60.649 60.648 60.624 60.842 60.532 60.603 60.649 60.402 64.226 51.900 61.087 60.585 60.566 60.623 60.533 60.619 60.560 60.588 60.617 60.536 60.543 60.542 60.540 60.522 61.718 63.895 60.578 60.591 60.602 60.606 61.001 60.609 60.541 60.585 60.407 60.562 51.400 60.651 60.614 60.604 60.614 60.626 59.578 61.804 60.629 60.621 61.675 60.564 60.597 60.592 60.587 62.078 60.588 60.415 60.597 60.588 60.621 61.967 60.546 60.581 61.796 60.487 60.615 60.621 60.489 60.557 60.555 60.596 60.594 60.871 60.586 61.580 
51.902 51.845 51.806 51.883 51.945 51.911 51.843 51.926 49.439 51.891 51.935 51.671 51.840 51.923 51.899 49.096 51.906 51.912 51.663 40.397 51.911 51.891 51.835 51.947 51.906 51.948 51.897 51.852 51.899 51.941 51.633 51.900 51.081 51.837 51.918 51.854 51.939 51.811 51.923 51.847 51.902 51.942 51.831 51.848 51.845 51.772 51.821 51.879 51.924 51.882 51.916 51.922 51.922 51.873 51.921 51.856 51.851 51.677 51.910 42.136 51.927 51.886 51.895 51.891 51.911 50.900 51.898 51.950 51.910 51.909 51.927 51.923 51.918 51.878 51.906 51.912 51.722 51.927 51.911 51.881 51.868 51.833 51.873 51.942 51.797 51.893 51.886 51.819 51.857 51.875 51.892 51.878 51.677 51.878 51.915 
60.586 60.540 60.674 60.556 60.599 60.590 60.505 60.579 58.159 60.560 60.600 60.944 60.525 60.598 60.537 57.776 60.560 60.750 60.390 46.185 60.567 61.054 60.532 60.598 60.651 60.634 60.558 60.532 60.573 60.595 60.306 61.087 51.837 61.690 60.580 60.530 60.607 60.511 60.603 60.551 60.558 60.602 60.509 60.513 60.512 60.493 60.502 60.687 60.775 60.551 60.561 60.577 60.581 60.509 60.740 60.504 60.517 60.247 60.560 50.859 60.599 60.571 60.567 60.568 60.580 59.527 60.751 60.594 60.581 60.816 60.569 60.566 60.560 60.546 61.088 60.548 60.408 60.569 60.568 60.571 60.799 60.511 60.529 60.750 60.486 60.581 60.549 60.506 60.525 60.539 60.521 60.561 60.379 60.508 60.566 
60.620 60.586 60.543 60.593 60.624 60.666 60.595 60.600 58.385 60.577 60.647 60.646 60.563 60.643 60.607 57.835 60.575 60.601 60.411 46.196 60.621 60.611 60.567 60.632 60.627 60.630 60.601 60.572 60.600 60.638 60.351 60.585 51.918 60.580 60.771 60.576 60.622 60.560 60.625 60.587 60.588 60.625 60.558 60.579 60.647 60.503 60.555 60.746 60.610 60.594 60.605 60.614 60.613 60.578 60.614 60.551 60.592 60.534 60.587 50.833 60.642 60.599 60.588 60.616 60.613 59.560 60.605 60.623 60.617 60.612 60.605 60.615 60.615 60.605 60.582 60.607 60.556 60.616 60.610 60.607 60.588 60.567 60.600 60.621 60.531 60.615 60.581 60.546 60.580 60.584 60.594 60.605 60.423 60.596 60.603 
60.600 60.558 60.515 60.573 60.614 60.899 60.545 60.595 59.256 60.569 60.631 61.055 60.541 60.627 60.949 57.767 60.554 60.590 60.370 46.161 60.598 60.646 61.513 60.664 60.606 60.629 60.590 60.555 60.589 60.626 60.309 60.566 51.854 60.530 60.576 61.752 60.611 60.528 60.607 60.553 60.567 60.618 60.513 60.530 60.529 60.459 60.507 60.538 60.597 60.574 60.594 60.605 60.602 60.996 60.602 61.697 60.556 60.358 60.563 51.911 60.625 60.592 60.587 60.584 60.602 59.906 60.595 61.328 60.594 60.587 60.590 60.596 60.597 60.575 60.580 60.587 60.441 60.596 60.595 60.586 60.726 61.731 60.552 60.673 60.497 60.597 60.567 60.510 61.752 60.554 60.541 60.581 60.697 61.737 60.582 
60.648 60.613 60.579 60.613 60.644 60.610 60.618 60.637 58.221 60.618 60.669 60.523 60.596 60.665 60.633 57.818 60.614 60.627 60.402 46.182 60.645 60.640 60.593 60.658 60.647 60.641 60.627 60.610 60.627 60.659 60.346 60.623 51.939 60.607 60.622 60.611 60.648 60.584 60.647 60.615 60.627 60.640 60.588 60.607 60.606 60.529 60.585 60.597 60.638 60.620 60.631 60.641 60.637 60.616 60.633 60.587 60.610 60.503 60.629 50.862 60.665 60.631 60.620 60.642 60.639 59.574 60.638 60.642 60.641 60.635 60.637 60.638 60.639 60.630 60.633 60.633 60.498 60.637 60.635 60.638 60.609 60.601 60.630 60.646 60.578 60.642 60.610 60.590 60.615 60.617 60.616 60.627 60.411 60.631 60.627 
60.552 60.489 60.505 60.522 60.589 60.576 60.464 60.577 58.126 60.536 60.580 60.348 60.492 60.576 60.545 57.756 60.540 60.549 60.311 46.124 60.576 60.570 60.517 60.594 60.563 60.613 60.547 60.521 60.533 60.587 60.262 60.533 51.811 60.511 60.560 60.528 60.584 60.500 60.553 60.507 60.568 60.587 60.504 60.523 60.522 60.445 60.500 60.518 60.575 60.515 60.545 60.569 60.565 60.520 60.554 60.501 60.501 60.325 60.548 50.778 60.550 60.535 60.545 60.543 60.549 59.483 60.544 60.588 60.549 60.537 60.565 60.563 60.567 60.532 60.556 60.556 60.403 60.564 60.550 60.504 60.545 60.514 60.537 60.582 60.480 60.543 60.538 60.498 60.537 60.521 60.523 60.519 60.337 60.552 60.562 
60.620 60.578 60.547 60.579 60.642 60.618 60.572 60.639 58.201 60.621 60.638 60.457 60.550 60.634 60.615 57.793 60.618 60.612 60.370 46.180 60.630 60.606 60.574 60.647 60.638 60.650 60.598 60.580 60.606 60.637 60.332 60.619 51.923 60.603 60.625 60.607 60.647 60.553 60.582 60.580 60.628 60.644 60.592 60.603 60.603 60.530 60.578 60.597 60.623 60.588 60.611 60.623 60.624 60.601 60.613 60.558 60.599 60.474 60.629 50.846 60.613 60.615 60.581 60.614 60.598 59.519 60.611 60.642 60.600 60.597 60.640 60.639 60.637 60.592 60.615 60.626 60.479 60.638 60.616 60.588 60.593 60.584 60.619 60.626 60.555 60.624 60.594 60.570 60.608 60.603 60.611 60.620 60.394 60.615 60.626 
60.584 60.542 60.501 60.563 60.620 60.583 60.491 60.606 58.162 60.563 60.612 60.394 60.529 60.607 60.582 57.772 60.572 60.588 60.341 46.155 60.609 60.582 60.550 60.620 60.585 60.642 60.579 60.551 60.572 60.612 60.289 60.560 51.847 60.551 60.587 60.553 60.615 60.507 60.580 60.543 60.600 60.618 60.532 60.550 60.549 60.473 60.526 60.542 60.600 60.567 60.589 60.601 60.598 60.561 60.594 60.527 60.513 60.363 60.577 50.807 60.583 60.565 60.574 60.582 60.583 59.512 60.574 60.615 60.580 60.572 60.592 60.593 60.594 60.561 60.585 60.584 60.437 60.593 60.579 60.540 60.574 60.538 60.567 60.616 60.513 60.577 60.572 60.523 60.556 60.555 60.550 60.566 60.365 60.573 60.592 
60.620 60.598 60.562 60.590 60.618 60.593 60.602 60.588 58.192 60.600 60.646 60.491 60.569 60.641 60.598 57.790 60.576 60.588 60.384 46.172 60.612 60.611 60.559 60.615 60.634 60.627 60.605 60.559 60.608 60.629 60.320 60.588 51.902 60.558 60.588 60.567 60.627 60.568 60.628 60.600 60.563 60.615 60.544 60.560 60.559 60.483 60.546 60.558 60.605 60.601 60.603 60.605 60.602 60.570 60.617 60.529 60.589 60.440 60.589 50.843 60.642 60.617 60.601 60.613 60.629 59.548 60.625 60.608 60.631 60.623 60.599 60.604 60.605 60.602 60.584 60.596 60.458 60.606 60.610 60.615 60.589 60.557 60.583 60.621 60.521 60.626 60.563 60.534 60.567 60.585 60.589 60.614 60.370 60.565 60.587 
60.646 60.615 60.583 60.606 60.645 60.620 60.614 60.624 58.213 60.619 60.657 60.514 60.595 60.654 60.624 57.814 60.614 60.612 60.398 46.191 60.629 60.639 60.598 60.641 60.647 60.644 60.620 60.599 60.619 60.643 60.338 60.617 51.942 60.602 60.625 60.618 60.640 60.587 60.644 60.618 60.615 60.644 60.587 60.604 60.603 60.525 60.589 60.602 60.631 60.617 60.626 60.628 60.623 60.611 60.631 60.583 60.609 60.490 60.628 50.863 60.650 60.629 60.617 60.642 60.642 59.575 60.637 60.629 60.645 60.641 60.627 60.624 60.628 60.622 60.627 60.621 60.489 60.624 60.629 60.631 60.616 60.607 60.627 60.644 60.578 60.639 60.592 60.591 60.617 60.616 60.609 60.627 60.401 60.619 60.617 
60.578 60.533 60.494 60.541 60.596 60.566 60.496 60.564 58.152 60.541 60.597 60.386 60.513 60.595 60.547 57.758 60.530 60.559 60.324 46.145 60.571 60.574 60.527 60.579 60.581 60.610 60.558 60.517 60.552 60.586 60.255 60.536 51.831 60.509 60.558 60.513 60.588 60.504 60.592 60.532 60.544 60.587 60.488 60.510 60.509 60.428 60.493 60.519 60.574 60.548 60.570 60.574 60.567 60.531 60.577 60.483 60.512 60.254 60.542 50.803 60.595 60.549 60.562 60.568 60.573 59.499 60.572 60.582 60.571 60.566 60.555 60.551 60.557 60.541 60.542 60.545 60.402 60.554 60.559 60.555 60.548 60.504 60.530 60.582 60.480 60.564 60.532 60.493 60.516 60.532 60.501 60.551 60.320 60.497 60.548 
60.592 60.551 60.514 60.560 60.602 60.582 60.509 60.581 58.177 60.560 60.606 60.403 60.530 60.604 60.552 57.766 60.543 60.569 60.349 46.162 60.575 60.583 60.540 60.601 60.600 60.627 60.571 60.534 60.577 60.601 60.272 60.543 51.848 60.513 60.579 60.530 60.607 60.523 60.603 60.550 60.560 60.604 60.510 60.516 60.515 60.444 60.503 60.536 60.596 60.562 60.572 60.580 60.583 60.539 60.588 60.509 60.528 60.251 60.561 50.821 60.606 60.572 60.573 60.583 60.591 59.510 60.595 60.597 60.587 60.581 60.571 60.568 60.563 60.555 60.568 60.551 60.426 60.570 60.565 60.572 60.560 60.516 60.541 60.607 60.490 60.583 60.549 60.503 60.526 60.546 60.523 60.569 60.351 60.512 60.570 
60.592 60.550 60.514 60.559 60.602 61.277 60.508 60.580 59.046 60.559 60.606 60.711 60.529 60.603 60.551 58.650 60.543 60.568 60.411 46.485 60.574 60.582 60.539 60.600 60.693 60.626 60.570 60.533 60.576 60.600 60.334 60.542 51.845 60.512 60.647 60.529 60.606 60.522 60.603 60.549 60.559 60.603 60.509 60.515 61.850 60.444 60.502 61.764 60.595 60.562 60.571 60.579 60.582 60.539 60.588 60.508 60.528 60.659 60.560 51.646 60.605 60.571 60.572 60.579 60.590 59.790 60.594 60.596 61.447 60.581 60.570 60.567 61.279 60.555 61.738 60.550 60.661 60.570 60.564 60.571 60.560 60.515 60.615 60.606 60.490 60.581 60.561 60.503 60.526 60.545 60.523 60.568 60.413 60.512 60.569 
60.518 60.474 60.492 60.479 60.531 60.605 60.437 60.503 58.247 60.483 60.532 60.571 60.452 60.568 60.482 57.724 60.470 60.493 60.317 46.184 60.505 60.603 60.498 60.528 60.614 60.554 60.498 60.456 60.496 60.522 60.201 60.540 51.772 60.493 60.503 60.459 60.529 60.445 60.530 60.473 60.483 60.525 60.428 60.444 60.444 60.679 60.429 60.514 60.601 60.487 60.507 60.508 60.506 60.503 60.515 60.431 60.454 60.225 60.483 50.847 60.532 60.495 60.504 60.508 60.517 59.506 60.569 60.519 60.514 60.509 60.494 60.490 60.516 60.480 60.562 60.480 60.371 60.493 60.497 60.493 60.574 60.449 60.498 60.629 60.416 60.504 60.471 60.430 60.459 60.471 60.444 60.492 60.322 60.443 60.487 
60.570 60.527 60.488 60.542 60.589 60.560 60.485 60.566 58.155 60.535 60.592 60.391 60.507 60.591 60.540 57.752 60.518 60.551 60.315 46.139 60.565 60.567 60.510 60.590 60.576 60.612 60.550 60.519 60.551 60.583 60.246 60.522 51.821 60.502 60.555 60.507 60.585 60.500 60.578 60.526 60.546 60.589 60.493 60.503 60.502 60.429 60.473 60.511 60.579 60.540 60.558 60.567 60.568 60.525 60.574 60.487 60.510 60.226 60.539 50.792 60.585 60.543 60.551 60.562 60.558 59.488 60.565 60.587 60.554 60.549 60.556 60.553 60.550 60.536 60.550 60.537 60.391 60.556 60.546 60.536 60.526 60.483 60.526 60.593 60.459 60.545 60.536 60.488 60.500 60.520 60.496 60.545 60.321 60.496 60.551 
60.588 60.546 61.695 60.555 60.601 61.520 60.533 60.579 59.613 60.547 60.615 61.247 60.522 60.609 60.566 58.670 60.546 60.571 61.162 46.577 60.589 61.604 60.523 60.618 60.688 60.615 60.569 60.537 60.572 60.614 60.364 61.718 51.879 60.687 60.746 60.538 60.597 60.518 60.597 60.542 60.558 60.602 60.519 60.536 61.764 60.514 60.511 63.612 61.719 60.562 60.578 60.590 60.587 60.615 60.584 60.501 60.540 60.955 60.559 51.922 60.605 60.572 60.554 60.581 60.578 59.804 61.775 60.605 61.465 60.576 60.575 60.584 61.325 60.561 62.134 60.573 60.768 60.585 60.572 60.568 61.613 60.525 60.631 61.457 60.490 60.584 60.562 60.499 60.543 60.547 60.556 60.574 60.684 60.547 60.573 
60.603 60.596 61.706 60.597 60.635 60.741 60.575 60.624 59.349 60.611 60.629 62.020 60.572 60.623 60.638 57.813 60.621 60.941 62.776 46.685 61.975 65.277 62.526 60.662 60.623 60.652 61.323 60.591 60.596 60.630 60.401 63.895 51.924 60.775 60.610 60.597 60.638 60.575 60.623 60.600 60.605 60.631 60.574 60.596 60.595 60.601 60.579 61.719 66.935 60.608 60.611 60.620 60.619 63.345 60.631 60.562 60.564 60.431 60.618 52.873 60.610 60.586 60.580 60.596 60.616 59.866 61.740 60.627 60.619 61.564 60.625 60.626 60.626 60.601 63.395 60.618 60.453 60.624 60.619 60.611 63.177 60.576 60.605 63.118 60.561 60.621 60.593 60.568 60.597 60.610 60.599 60.613 61.965 60.604 61.564 
60.602 60.543 60.528 60.557 60.618 60.584 60.536 60.611 58.175 60.577 60.627 60.425 60.536 60.623 60.581 57.778 60.579 60.581 60.358 46.157 60.613 60.585 60.558 60.627 60.607 60.633 60.582 60.562 60.574 60.616 60.308 60.578 51.882 60.551 60.594 60.574 60.620 60.515 60.588 60.567 60.601 60.617 60.548 60.562 60.562 60.487 60.540 60.562 60.608 60.554 60.578 60.600 60.599 60.555 60.595 60.548 60.556 60.412 60.589 50.815 60.598 60.586 60.579 60.595 60.595 59.522 60.597 60.616 60.590 60.584 60.603 60.600 60.598 60.577 60.595 60.591 60.450 60.598 60.591 60.570 60.578 60.558 60.581 60.621 60.519 60.593 60.582 60.542 60.572 60.565 60.575 60.574 60.383 60.590 60.595 
60.628 60.574 60.551 60.592 60.618 60.599 60.580 60.616 58.196 60.598 60.641 60.454 60.567 60.636 60.588 57.792 60.586 60.582 60.382 46.172 60.610 60.604 60.565 60.631 60.635 60.635 60.595 60.571 60.601 60.631 60.318 60.591 51.916 60.561 60.605 60.594 60.631 60.545 60.611 60.589 60.603 60.626 60.570 60.572 60.571 60.507 60.558 60.578 60.611 60.578 60.574 60.595 60.605 60.565 60.605 60.568 60.585 60.436 60.606 50.838 60.624 60.613 60.588 60.621 60.611 59.537 60.623 60.620 60.612 60.601 60.617 60.617 60.607 60.594 60.596 60.598 60.461 60.616 60.593 60.609 60.588 60.577 60.592 60.626 60.531 60.620 60.586 60.549 60.589 60.582 60.599 60.592 60.386 60.601 60.609 
60.638 60.598 60.564 60.596 60.625 60.606 60.592 60.619 58.212 60.608 60.651 60.485 60.576 60.646 60.607 57.801 60.598 60.593 60.395 46.184 60.619 60.613 60.584 60.632 60.645 60.636 60.610 60.574 60.617 60.636 60.328 60.602 51.922 60.577 60.614 60.605 60.641 60.569 60.623 60.601 60.605 60.628 60.574 60.580 60.579 60.508 60.567 60.590 60.620 60.600 60.595 60.604 60.607 60.581 60.620 60.574 60.594 60.454 60.616 50.852 60.635 60.622 60.601 60.631 60.630 59.550 60.637 60.623 60.628 60.620 60.619 60.620 60.615 60.603 60.609 60.607 60.478 60.618 60.612 60.621 60.597 60.590 60.605 60.637 60.549 60.632 60.593 60.562 60.601 60.601 60.605 60.619 60.395 60.610 60.615 
60.639 60.596 60.561 60.591 60.628 60.604 60.595 60.616 58.208 60.605 60.651 60.492 60.573 60.647 60.613 57.803 60.599 60.591 60.388 46.181 60.623 60.614 60.587 60.628 60.639 60.631 60.611 60.571 60.611 60.632 60.330 60.606 51.922 60.581 60.613 60.602 60.637 60.565 60.624 60.598 60.602 60.623 60.567 60.583 60.582 60.506 60.568 60.587 60.619 60.599 60.605 60.607 60.604 60.583 60.622 60.564 60.596 60.474 60.612 50.847 60.635 60.620 60.608 60.632 60.631 59.552 60.630 60.619 60.629 60.622 60.617 60.617 60.618 60.604 60.609 60.611 60.473 60.616 60.618 60.617 60.599 60.592 60.606 60.635 60.550 60.628 60.589 60.563 60.602 60.601 60.600 60.617 60.391 60.609 60.606 
60.585 60.546 60.592 60.561 60.603 61.232 60.529 60.582 60.064 60.572 60.605 61.729 60.529 60.600 60.898 57.790 60.583 60.564 61.582 46.663 61.584 64.298 64.094 60.685 60.604 60.635 61.266 60.534 60.580 60.599 60.335 61.001 51.873 60.509 60.578 60.996 60.616 60.520 60.601 60.561 60.570 60.611 60.531 60.539 60.539 60.503 60.525 60.615 63.345 60.555 60.565 60.581 60.583 65.012 60.586 60.969 60.529 60.362 60.575 53.193 60.586 60.580 60.571 60.573 60.588 60.083 60.659 60.892 60.587 60.576 60.579 60.579 60.576 60.555 62.546 60.570 60.417 60.579 60.581 60.584 62.410 60.981 60.551 62.470 60.498 60.589 60.578 60.524 60.993 60.556 60.560 60.569 62.569 60.999 60.579 
60.628 60.585 60.554 60.588 60.630 60.598 60.590 60.628 58.196 60.607 60.644 60.699 60.569 60.639 60.601 57.805 60.603 60.603 60.401 46.292 60.624 60.616 60.579 60.642 60.642 60.637 60.601 60.589 60.598 60.635 60.346 60.609 51.921 60.740 60.614 60.602 60.633 60.554 60.613 60.594 60.617 60.631 60.577 60.588 60.588 60.515 60.574 60.584 60.631 60.595 60.605 60.620 60.622 60.586 61.023 60.569 60.588 60.475 60.615 50.848 60.624 60.620 60.597 60.619 60.619 59.551 60.621 60.630 60.625 60.616 60.628 60.626 60.622 60.605 60.614 60.612 60.478 60.625 60.609 60.608 60.599 60.594 60.608 60.624 60.550 60.628 60.596 60.567 60.606 60.592 60.599 60.607 60.411 60.612 60.615 
60.571 60.531 60.488 60.523 60.589 60.883 60.510 60.557 59.214 60.547 60.604 60.984 60.505 60.598 60.926 57.736 60.546 60.553 60.344 46.141 60.566 60.619 61.493 60.619 60.578 60.603 60.563 60.523 60.548 60.587 60.275 60.541 51.856 60.504 60.551 61.697 60.587 60.501 60.558 60.527 60.529 60.583 60.483 60.509 60.508 60.431 60.487 60.501 60.562 60.548 60.568 60.574 60.564 60.969 60.569 61.676 60.528 60.322 60.538 51.877 60.589 60.567 60.555 60.549 60.577 59.880 60.568 61.288 60.569 60.562 60.550 60.560 60.567 60.555 60.543 60.561 60.396 60.561 60.576 60.554 60.703 61.676 60.527 60.628 60.470 60.575 60.526 60.488 61.702 60.533 60.513 60.555 60.656 61.688 60.539 
60.553 60.514 60.492 60.559 60.610 60.596 60.504 60.601 58.136 60.558 60.578 60.377 60.505 60.571 60.552 57.764 60.594 60.580 60.312 46.142 60.588 60.574 60.529 60.604 60.561 60.620 60.563 60.532 60.556 60.592 60.277 60.585 51.851 60.517 60.592 60.556 60.610 60.501 60.599 60.513 60.589 60.609 60.512 60.528 60.528 60.454 60.510 60.540 60.564 60.556 60.585 60.594 60.596 60.529 60.588 60.528 60.484 60.358 60.586 50.804 60.568 60.527 60.559 60.523 60.565 59.487 60.546 60.604 60.558 60.549 60.597 60.593 60.590 60.532 60.571 60.565 60.395 60.592 60.575 60.557 60.551 60.532 60.539 60.586 60.493 60.549 60.535 60.510 60.563 60.544 60.560 60.541 60.334 60.560 60.584 
60.461 60.365 60.317 60.429 60.472 61.346 60.340 60.472 59.255 60.410 60.499 60.349 60.332 60.480 60.360 57.914 60.399 60.444 60.237 46.171 60.451 60.436 60.355 60.495 60.572 60.506 60.426 60.366 60.439 60.483 60.161 60.407 51.677 60.247 60.534 60.358 60.503 60.325 60.474 60.363 60.440 60.490 60.254 60.251 60.659 60.225 60.226 60.955 60.431 60.412 60.436 60.454 60.474 60.362 60.475 60.322 60.358 60.924 60.419 50.721 60.468 60.385 60.425 60.412 60.464 59.338 60.455 60.478 60.442 60.436 60.451 60.437 60.417 60.376 60.726 60.390 60.552 60.445 60.414 60.444 60.389 60.312 60.412 60.476 60.240 60.413 60.421 60.262 60.336 60.354 60.398 60.397 60.254 60.362 60.459 
60.625 60.577 60.541 60.588 60.628 60.596 60.593 60.607 58.205 60.580 60.651 60.491 60.558 60.646 60.588 57.796 60.568 60.602 60.380 46.165 60.627 60.608 60.566 60.637 60.623 60.636 60.608 60.566 60.608 60.641 60.315 60.562 51.910 60.560 60.587 60.563 60.629 60.548 60.629 60.577 60.589 60.628 60.542 60.561 60.560 60.483 60.539 60.559 60.618 60.589 60.606 60.616 60.612 60.575 60.615 60.538 60.586 60.419 60.584 50.837 60.647 60.603 60.603 60.618 60.620 59.542 60.620 60.623 60.611 60.605 60.595 60.598 60.600 60.590 60.594 60.592 60.453 60.600 60.604 60.613 60.589 60.552 60.584 60.626 60.525 60.610 60.582 60.538 60.566 60.569 60.592 60.595 60.385 60.587 60.599 
50.841 50.800 51.094 50.819 50.867 51.961 50.804 50.855 52.912 50.824 50.867 52.670 50.783 51.306 51.358 51.371 50.826 50.886 52.225 41.245 51.379 53.072 53.269 50.953 50.926 50.866 50.984 50.816 50.826 50.867 50.879 51.400 42.136 50.859 50.833 51.911 50.862 50.778 50.846 50.807 50.843 50.863 50.803 50.821 51.646 50.847 50.792 51.922 52.873 50.815 50.838 50.852 50.847 53.193 50.848 51.877 50.804 50.721 50.837 57.296 50.851 50.823 50.820 50.830 50.832 51.229 51.147 51.606 52.423 50.898 50.851 50.852 52.661 50.828 53.626 50.849 50.700 50.851 50.835 50.826 52.396 51.884 50.902 52.532 50.772 50.832 50.901 50.787 51.915 50.814 50.823 50.822 52.497 51.932 50.865 
