0 74.066 74.079 74.063 72.355 72.353 72.769 72.464 74.097 61.129 74.064 72.480 72.473 74.056 74.084 72.433 67.120 74.101 72.606 72.708 69.097 72.659 73.791 68.196 66.591 74.093 74.114 72.420 74.080 72.365 72.326 72.462 74.088 72.351 74.027 72.472 72.467 74.101 74.077 72.474 74.091 74.085 72.333 74.050 74.063 74.046 74.054 72.457 72.873 69.011 74.079 74.079 74.099 74.093 74.058 58.767 74.063 72.138 74.002 74.094 68.650 74.086 74.067 72.473 73.959 74.082 72.799 74.065 66.244 72.768 74.076 74.090 74.089 72.990 73.028 73.027 74.086 73.939 72.480 74.074 74.087 72.766 72.463 72.738 66.735 74.046 74.087 74.085 74.046 72.470 74.080 72.457 74.074 67.018 72.303 74.091 
1 74.079 74.065 74.054 72.358 72.350 72.769 72.463 74.090 61.131 74.058 72.480 72.467 74.057 74.083 72.429 67.119 74.101 72.603 72.710 69.096 72.661 73.791 68.196 66.586 74.094 74.110 72.417 74.078 72.364 72.327 72.459 74.084 72.348 74.028 72.472 72.462 74.094 74.062 72.467 74.081 74.085 72.330 74.050 74.062 74.049 74.057 72.458 72.877 69.007 74.080 74.075 74.097 74.091 74.053 58.764 74.063 72.134 74.003 74.088 68.648 74.088 74.067 72.471 73.966 74.081 72.800 74.056 66.242 72.766 74.079 74.089 74.087 72.988 73.029 73.023 74.082 73.937 72.478 74.072 74.084 72.764 72.459 72.736 66.733 74.050 74.084 74.085 74.048 72.468 74.074 72.454 74.075 67.016 72.305 74.089 
2 74.063 74.054 76.779 72.346 72.337 74.261 72.451 74.074 61.144 74.338 72.472 72.481 74.041 74.074 72.418 67.112 74.085 72.596 73.929 70.959 72.652 76.195 69.067 66.580 74.089 74.101 72.443 74.064 72.353 72.352 72.448 75.720 72.585 74.928 72.461 72.453 74.078 74.051 72.459 74.064 74.070 72.322 74.038 74.047 74.040 74.043 72.449 72.827 70.548 74.064 74.069 74.081 74.075 75.241 58.754 74.049 72.169 74.007 74.072 69.937 74.078 74.054 72.463 73.919 74.064 74.322 76.795 66.264 72.767 74.068 74.074 74.073 72.996 73.029 75.313 74.070 73.933 72.469 74.066 74.073 73.677 72.451 72.734 66.838 74.040 74.073 74.075 74.035 72.459 74.062 72.446 74.057 67.902 72.331 74.074 
3 72.355 72.358 72.346 72.328 72.343 72.292 72.337 72.372 60.917 72.343 72.354 72.154 72.323 72.364 72.363 66.624 72.377 72.334 72.353 67.933 72.346 72.094 67.773 66.441 72.375 72.388 72.308 72.354 72.348 72.319 72.334 72.362 72.154 72.299 72.344 72.320 72.376 72.358 72.340 72.368 72.359 72.317 72.318 72.334 72.321 72.327 72.323 72.337 68.139 72.353 72.353 72.374 72.366 72.330 58.754 72.344 72.095 72.289 72.369 67.604 72.364 72.345 72.344 72.248 72.361 72.274 72.343 66.214 72.344 72.357 72.363 72.363 72.343 72.315 72.339 72.358 72.215 72.346 72.348 72.363 72.353 72.320 72.329 66.529 72.327 72.364 72.361 72.325 72.328 72.359 72.327 72.354 66.745 72.269 72.363 
4 72.353 72.350 72.337 72.343 72.330 72.287 72.332 72.368 60.924 72.346 72.350 72.150 72.332 72.355 72.362 66.611 72.373 72.333 72.348 67.931 72.336 72.089 67.775 66.449 72.365 72.387 72.301 72.355 72.353 72.320 72.326 72.363 72.144 72.311 72.340 72.316 72.372 72.348 72.335 72.362 72.359 72.328 72.315 72.330 72.313 72.333 72.310 72.320 68.146 72.352 72.354 72.370 72.365 72.340 58.756 72.340 72.099 72.275 72.365 67.599 72.358 72.342 72.337 72.241 72.354 72.268 72.338 66.216 72.340 72.354 72.365 72.362 72.335 72.308 72.328 72.355 72.216 72.344 72.351 72.357 72.345 72.310 72.336 66.532 72.323 72.359 72.357 72.323 72.319 72.352 72.319 72.351 66.746 72.265 72.365 
5 72.769 72.769 74.261 72.292 72.287 75.578 72.372 72.779 60.930 72.766 72.382 72.201 72.758 72.778 72.294 66.628 72.781 72.821 73.106 70.238 73.085 75.362 68.191 66.397 72.784 72.807 73.318 72.773 72.296 72.285 72.372 74.510 72.477 74.225 72.379 72.369 72.784 72.790 72.355 72.776 72.773 72.270 72.757 72.764 72.759 72.761 72.364 72.360 70.154 72.769 72.766 72.780 72.777 73.575 58.711 72.754 72.154 72.712 72.777 68.989 72.772 72.763 72.392 72.707 72.769 73.266 74.239 66.177 72.404 73.881 72.776 72.776 72.387 72.388 74.455 72.766 72.662 72.380 72.766 72.772 73.220 72.369 72.330 66.507 72.753 72.771 72.774 72.752 72.366 72.769 72.367 72.770 67.077 72.269 73.821 
6 72.464 72.463 72.451 72.337 72.332 72.372 72.462 72.474 60.976 72.459 72.504 72.307 72.453 72.475 72.333 66.692 72.477 72.481 72.493 68.036 72.493 72.207 67.816 66.444 72.473 72.497 72.355 72.468 72.341 72.357 72.474 72.475 72.199 72.447 72.484 72.478 72.479 72.458 72.478 72.470 72.469 72.314 72.448 72.455 72.454 72.454 72.467 72.398 68.198 72.468 72.473 72.476 72.474 72.461 58.751 72.455 72.206 72.385 72.472 67.704 72.468 72.452 72.490 72.401 72.459 72.402 72.457 66.257 72.480 72.465 72.471 72.470 72.491 72.446 72.481 72.477 72.335 72.498 72.471 72.464 72.497 72.472 72.373 66.584 72.445 72.460 72.473 72.450 72.478 72.459 72.477 72.458 66.779 72.322 72.475 
7 74.097 74.090 74.074 72.372 72.368 72.779 72.474 74.107 61.148 74.074 72.491 72.490 74.075 74.099 72.447 67.129 74.118 72.615 72.720 69.106 72.669 73.808 68.210 66.601 74.109 74.127 72.429 74.098 72.381 72.334 72.470 74.101 72.370 74.042 72.482 72.475 74.113 74.088 72.482 74.103 74.103 72.346 74.064 74.078 74.060 74.074 72.469 72.890 69.024 74.096 74.094 74.115 74.110 74.068 58.782 74.078 72.149 74.021 74.104 68.658 74.105 74.086 72.480 73.990 74.099 72.812 74.077 66.253 72.778 74.097 74.107 74.108 72.999 73.039 73.032 74.102 73.956 72.487 74.090 74.103 72.774 72.473 72.757 66.742 74.069 74.104 74.104 74.065 72.483 74.094 72.467 74.092 67.027 72.314 74.105 
8 61.129 61.131 61.144 60.917 60.924 60.930 60.976 61.148 62.762 61.118 61.004 60.965 61.109 61.633 60.940 59.514 61.150 60.980 60.992 62.262 60.990 60.945 59.966 58.911 61.171 61.160 60.928 61.126 60.931 60.943 60.964 61.136 60.718 61.085 60.980 60.980 61.152 61.153 60.980 61.141 61.134 60.899 61.095 61.112 61.596 61.104 60.969 62.454 59.308 61.131 61.128 61.147 61.143 61.104 53.673 61.113 60.744 61.119 61.144 61.163 61.139 61.116 60.980 60.992 61.133 61.875 61.120 58.820 61.425 61.131 61.135 61.135 62.458 62.868 61.160 61.131 61.047 60.992 61.125 61.136 60.995 60.976 61.908 58.909 61.100 61.135 61.134 61.095 60.979 61.132 60.969 61.129 58.617 60.906 61.138 
9 74.064 74.058 74.338 72.343 72.346 72.766 72.459 74.074 61.118 74.760 72.479 72.481 74.041 74.067 72.417 67.113 74.086 72.603 73.368 69.739 72.661 74.091 68.814 66.655 74.076 74.104 72.424 74.061 72.349 72.332 72.457 74.770 72.409 74.044 72.468 72.461 74.078 74.057 72.468 74.067 74.072 72.325 74.046 74.059 74.046 74.051 72.461 72.866 69.721 74.059 74.062 74.079 74.074 74.758 58.751 74.060 72.148 73.984 74.072 68.670 74.071 74.053 72.468 73.961 74.062 73.289 74.339 66.248 72.765 74.061 74.074 74.072 72.990 73.031 73.400 74.070 73.925 72.478 74.060 74.070 73.049 72.457 72.730 67.068 74.044 74.072 74.073 74.044 72.465 74.060 72.454 74.057 67.685 72.303 74.075 
10 72.480 72.480 72.472 72.354 72.350 72.382 72.504 72.491 61.004 72.479 72.521 72.332 72.469 72.488 72.353 66.716 72.491 72.508 72.518 68.057 72.519 72.225 67.835 66.460 72.485 72.517 72.368 72.486 72.359 72.372 72.500 72.493 72.227 72.470 72.512 72.502 72.495 72.473 72.503 72.486 72.490 72.333 72.471 72.472 72.471 72.476 72.489 72.420 68.220 72.484 72.495 72.492 72.490 72.481 58.768 72.476 72.233 72.404 72.489 67.729 72.492 72.472 72.509 72.430 72.482 72.415 72.479 66.270 72.506 72.486 72.491 72.490 72.511 72.474 72.508 72.498 72.356 72.521 72.493 72.484 72.523 72.494 72.400 66.600 72.468 72.483 72.494 72.472 72.502 72.481 72.497 72.480 66.808 72.337 72.492 
11 72.473 72.467 72.481 72.154 72.150 72.201 72.307 72.490 60.965 72.481 72.332 72.524 72.448 72.560 72.157 66.682 72.487 72.320 72.325 68.123 72.326 72.236 67.637 66.294 72.502 72.517 72.182 72.478 72.159 72.211 72.303 72.484 71.798 72.466 72.318 72.273 72.496 72.479 72.286 72.482 72.484 72.128 72.449 72.461 72.560 72.457 72.303 72.521 68.045 72.469 72.491 72.489 72.487 72.489 58.605 72.470 71.818 72.117 72.483 67.775 72.478 72.461 72.264 72.184 72.467 72.307 72.472 66.100 72.419 72.478 72.484 72.482 72.520 72.599 72.364 72.488 72.113 72.352 72.480 72.477 72.333 72.255 72.308 66.432 72.439 72.474 72.486 72.443 72.267 72.471 72.257 72.467 66.607 72.131 72.480 
12 74.056 74.057 74.041 72.323 72.332 72.758 72.453 74.075 61.109 74.041 72.469 72.448 74.015 74.064 72.416 67.103 74.081 72.587 72.700 69.087 72.646 73.758 68.183 66.573 74.074 74.095 72.406 74.052 72.342 72.317 72.450 74.065 72.324 74.002 72.462 72.439 74.078 74.055 72.454 74.066 74.062 72.310 74.024 74.038 74.025 74.031 72.438 72.860 68.992 74.054 74.055 74.077 74.071 74.033 58.747 74.050 72.114 73.980 74.073 68.638 74.067 74.045 72.462 73.939 74.058 72.786 74.041 66.229 72.757 74.056 74.065 74.065 72.976 73.015 73.010 74.058 73.913 72.464 74.048 74.064 72.750 72.433 72.713 66.723 74.029 74.060 74.063 74.022 72.443 74.058 72.445 74.053 67.005 72.292 74.071 
13 74.084 74.083 74.074 72.364 72.355 72.778 72.475 74.099 61.633 74.067 72.488 72.560 74.064 75.546 72.436 67.601 74.103 72.615 72.721 70.360 72.669 73.799 68.207 66.589 74.097 74.115 72.430 74.084 72.371 72.335 72.470 74.086 72.368 74.032 72.484 72.477 74.103 74.087 72.485 74.091 74.090 72.334 74.053 74.062 74.044 74.061 72.468 74.203 69.011 74.086 74.083 74.099 74.094 74.055 58.772 74.064 72.163 74.078 74.095 70.102 74.095 74.072 72.479 73.986 74.089 72.806 74.069 66.256 72.778 74.085 74.094 74.092 74.209 74.010 73.032 74.087 74.022 72.486 74.078 74.093 72.773 72.470 73.283 66.749 74.058 74.090 74.089 74.051 72.482 74.084 72.465 74.082 67.027 72.320 74.093 
14 72.433 72.429 72.418 72.363 72.362 72.294 72.333 72.447 60.940 72.417 72.353 72.157 72.416 72.436 72.462 66.632 72.453 72.337 72.353 67.949 72.350 72.175 67.880 66.452 72.447 72.459 72.308 72.432 72.368 72.329 72.332 72.463 72.166 72.384 72.345 72.336 72.451 72.429 72.343 72.442 72.437 72.339 72.406 72.417 72.404 72.412 72.331 72.341 68.223 72.432 72.429 72.452 72.446 72.432 58.770 72.416 72.114 72.351 72.445 67.603 72.439 72.423 72.340 72.323 72.435 72.283 72.418 66.224 72.343 72.431 72.441 72.438 72.342 72.322 72.338 72.433 72.293 72.349 72.426 72.438 72.354 72.330 72.349 66.538 72.401 72.435 72.436 72.405 72.339 72.430 72.327 72.432 66.749 72.276 72.440 
15 67.120 67.119 67.112 66.624 66.611 66.628 66.692 67.129 59.514 67.113 66.716 66.682 67.103 67.601 66.632 68.140 67.131 66.697 66.706 66.391 66.701 66.854 64.203 62.954 67.135 67.147 66.608 67.118 66.629 66.619 66.685 67.126 66.363 67.092 66.700 66.666 67.133 67.116 66.696 67.125 67.120 66.602 67.093 67.101 67.677 67.098 66.688 67.893 64.444 67.119 67.119 67.127 67.124 67.103 56.521 67.088 66.442 67.022 67.126 64.890 67.122 67.110 66.673 66.931 67.121 67.290 67.113 62.777 67.423 67.119 67.124 67.123 68.249 68.176 67.342 67.121 66.966 66.700 67.118 67.120 66.703 66.655 67.191 63.062 67.092 67.118 67.124 67.092 66.669 67.119 66.674 67.116 63.108 66.594 67.125 
16 74.101 74.101 74.085 72.377 72.373 72.781 72.477 74.118 61.150 74.086 72.491 72.487 74.081 74.103 72.453 67.131 74.114 72.616 72.722 69.109 72.671 73.812 68.213 66.604 74.113 74.130 72.426 74.105 72.383 72.334 72.473 74.104 72.375 74.047 72.487 72.481 74.123 74.098 72.486 74.113 74.111 72.349 74.069 74.082 74.065 74.080 72.470 72.894 69.028 74.102 74.097 74.120 74.114 74.072 58.784 74.081 72.155 74.018 74.108 68.660 74.109 74.090 72.483 73.999 74.103 72.813 74.087 66.256 72.781 74.102 74.112 74.113 73.002 73.042 73.034 74.104 73.965 72.491 74.095 74.105 72.776 72.474 72.762 66.746 74.073 74.110 74.108 74.068 72.486 74.101 72.469 74.101 67.029 72.316 74.111 
17 72.606 72.603 72.596 72.334 72.333 72.821 72.481 72.615 60.980 72.603 72.508 72.320 72.587 72.615 72.337 66.697 72.616 73.152 72.499 68.279 72.686 72.839 67.823 66.446 72.614 72.639 72.590 72.606 72.345 72.364 72.479 72.634 72.223 73.004 72.488 72.484 72.619 72.597 72.481 72.611 72.609 72.316 72.589 72.597 72.596 72.596 72.467 72.398 68.775 72.604 72.615 72.613 72.610 72.598 58.756 72.594 72.214 72.528 72.612 67.946 72.613 72.598 72.492 72.543 72.604 72.404 72.602 66.257 72.489 72.876 72.611 72.610 72.495 72.453 73.146 72.621 72.479 72.500 72.614 72.606 72.496 72.475 72.380 66.589 72.586 72.606 72.614 72.593 72.483 72.600 72.485 72.602 66.789 72.321 73.056 
18 72.708 72.710 73.929 72.353 72.348 73.106 72.493 72.720 60.992 73.368 72.518 72.325 72.700 72.721 72.353 66.706 72.722 72.499 74.365 69.705 72.509 73.699 68.931 66.563 72.719 72.741 72.364 72.713 72.355 72.364 72.490 74.246 72.584 73.112 72.503 72.490 72.725 72.704 72.492 72.716 72.718 72.329 72.698 72.707 72.706 72.703 72.485 72.410 69.791 72.714 72.722 72.722 72.721 73.805 58.764 72.703 72.225 72.632 72.718 68.430 72.709 72.702 72.502 72.651 72.708 74.059 73.933 66.266 72.495 72.706 72.717 72.716 72.504 72.462 74.004 72.723 72.580 72.511 72.719 72.709 73.675 72.482 72.390 67.015 72.695 72.708 72.716 72.698 72.492 72.708 72.483 72.706 68.273 72.332 72.721 
19 69.097 69.096 70.959 67.933 67.931 70.238 68.036 69.106 62.262 69.739 68.057 68.123 69.087 70.360 67.949 66.391 69.109 68.279 69.705 77.449 69.484 72.215 67.359 64.368 69.126 69.132 68.968 69.101 67.936 67.944 68.032 71.939 68.552 70.480 68.039 68.030 69.108 69.120 68.038 69.103 69.103 67.921 69.087 69.093 70.257 69.091 68.028 70.970 69.917 69.099 69.112 69.107 69.104 70.900 56.753 69.094 67.804 69.088 69.103 69.418 69.103 69.091 68.041 69.041 69.100 71.372 70.935 63.906 69.651 70.662 69.105 69.105 72.519 71.517 72.263 69.116 69.018 68.052 69.110 69.101 69.369 68.022 69.828 64.898 69.085 69.101 69.105 69.087 68.031 69.098 68.039 69.096 65.917 67.922 70.501 
20 72.659 72.661 72.652 72.346 72.336 73.085 72.493 72.669 60.990 72.661 72.519 72.326 72.646 72.669 72.350 66.701 72.671 72.686 72.509 69.484 73.972 73.628 68.556 66.450 72.668 72.692 73.220 72.661 72.356 72.371 72.489 73.794 72.575 73.134 72.502 72.492 72.672 72.654 72.492 72.667 72.662 72.320 72.638 72.645 72.643 72.642 72.477 72.404 69.500 72.660 72.672 72.667 72.665 73.351 58.763 72.645 72.223 72.586 72.666 67.734 72.667 72.651 72.497 72.593 72.663 72.407 72.659 66.265 72.497 73.844 72.664 72.664 72.503 72.467 72.877 72.674 72.533 72.510 72.671 72.664 72.511 72.483 72.386 66.595 72.641 72.660 72.667 72.641 72.492 72.661 72.486 72.658 66.797 72.332 73.758 
21 73.791 73.791 76.195 72.094 72.089 75.362 72.207 73.808 60.945 74.091 72.225 72.236 73.758 73.799 72.175 66.854 73.812 72.839 73.699 72.215 73.628 79.967 69.727 66.330 73.812 73.827 73.632 73.786 72.106 72.099 72.204 77.705 72.604 75.533 72.216 72.192 73.811 73.784 72.218 73.799 73.795 72.072 73.760 73.770 73.762 73.766 72.192 72.559 71.875 73.790 73.793 73.807 73.805 76.802 58.508 73.782 71.931 73.739 73.807 69.860 73.799 73.777 72.212 73.620 73.791 74.140 76.202 66.019 72.521 76.473 73.799 73.798 72.750 72.774 75.757 73.792 73.687 72.218 73.784 73.799 73.396 72.187 72.483 66.558 73.764 73.792 73.796 73.759 72.195 73.790 72.202 73.789 67.693 72.080 75.617 
22 68.196 68.196 69.067 67.773 67.775 68.191 67.816 68.210 59.966 68.814 67.835 67.637 68.183 68.207 67.880 64.203 68.213 67.823 68.931 67.359 68.556 69.727 70.552 66.513 68.216 68.222 68.116 68.200 67.780 67.791 67.810 70.643 67.796 68.189 67.826 67.801 68.213 68.206 67.807 68.206 68.204 67.768 68.176 68.188 68.182 68.183 67.821 67.741 67.472 68.197 68.200 68.211 68.208 70.633 56.992 68.189 67.556 68.095 68.208 64.508 68.202 68.187 67.790 68.065 68.197 68.806 69.057 66.194 67.815 68.991 68.206 68.206 67.819 67.814 68.848 68.202 67.973 67.833 68.198 68.203 68.341 67.793 67.764 66.722 68.177 68.200 68.201 68.177 67.797 68.198 67.786 68.195 66.956 67.772 68.818 
23 66.591 66.586 66.580 66.441 66.449 66.397 66.444 66.601 58.911 66.655 66.460 66.294 66.573 66.589 66.452 62.954 66.604 66.446 66.563 64.368 66.450 66.330 66.513 66.669 66.597 66.607 66.417 66.590 66.448 66.433 66.435 66.655 66.309 66.554 66.449 66.429 66.604 66.586 66.446 66.598 66.592 66.437 66.566 66.580 66.567 66.574 66.431 66.409 64.636 66.583 66.583 66.601 66.597 66.647 57.147 66.580 66.289 66.508 66.599 63.124 66.596 66.576 66.440 66.497 66.588 66.413 66.580 65.567 66.449 66.590 66.594 66.594 66.450 66.425 66.449 66.585 66.450 66.447 66.582 66.590 66.546 66.426 66.443 66.488 66.564 66.590 66.594 66.568 66.433 66.587 66.431 66.585 66.076 66.424 66.591 
24 74.093 74.094 74.089 72.375 72.365 72.784 72.473 74.109 61.171 74.076 72.485 72.502 74.074 74.097 72.447 67.135 74.113 72.614 72.719 69.126 72.668 73.812 68.216 66.597 74.116 74.123 72.438 74.095 72.383 72.350 72.469 74.101 72.357 74.039 72.482 72.475 74.113 74.104 72.484 74.101 74.100 72.345 74.066 74.071 74.065 74.072 72.466 72.882 69.023 74.096 74.090 74.112 74.105 74.063 58.779 74.075 72.178 74.036 74.106 68.662 74.105 74.086 72.483 73.973 74.100 72.820 74.079 66.270 72.789 74.093 74.104 74.103 73.012 73.052 73.044 74.095 73.967 72.484 74.090 74.100 72.771 72.469 72.756 66.760 74.069 74.099 74.104 74.065 72.481 74.094 72.467 74.093 67.026 72.330 74.103 
25 74.114 74.110 74.101 72.388 72.387 72.807 72.497 74.127 61.160 74.104 72.517 72.517 74.095 74.115 72.459 67.147 74.130 72.639 72.741 69.132 72.692 73.827 68.222 66.607 74.123 74.138 72.460 74.113 72.398 72.366 72.494 74.114 72.411 74.080 72.508 72.490 74.131 74.109 72.506 74.122 74.117 72.365 74.087 74.101 74.087 74.096 72.485 72.874 69.036 74.109 74.115 74.127 74.123 74.094 58.792 74.101 72.213 74.035 74.123 68.682 74.119 74.101 72.504 74.014 74.114 72.826 74.102 66.283 72.801 74.114 74.119 74.119 73.024 73.054 73.053 74.113 73.975 72.511 74.115 74.119 72.794 72.485 72.776 66.769 74.085 74.116 74.118 74.090 72.494 74.112 72.489 74.110 67.033 72.346 74.116 
26 72.420 72.417 72.443 72.308 72.301 73.318 72.355 72.429 60.928 72.424 72.368 72.182 72.406 72.430 72.308 66.608 72.426 72.590 72.364 68.968 73.220 73.632 68.116 66.417 72.438 72.460 73.739 72.422 72.314 72.318 72.352 73.624 72.406 72.925 72.362 72.341 72.431 72.437 72.348 72.425 72.424 72.288 72.403 72.409 72.410 72.411 72.351 72.249 68.916 72.421 72.431 72.426 72.427 73.104 58.730 72.410 72.201 72.332 72.426 67.620 72.419 72.410 72.353 72.407 72.417 72.238 72.422 66.203 72.355 73.864 72.425 72.426 72.358 72.339 72.786 72.428 72.315 72.359 72.433 72.419 72.365 72.331 72.302 66.536 72.402 72.416 72.420 72.402 72.345 72.418 72.343 72.420 66.729 72.280 73.476 
27 74.080 74.078 74.064 72.354 72.355 72.773 72.468 74.098 61.126 74.061 72.486 72.478 74.052 74.084 72.432 67.118 74.105 72.606 72.713 69.101 72.661 73.786 68.200 66.590 74.095 74.113 72.422 74.068 72.366 72.327 72.463 74.088 72.353 74.029 72.476 72.458 74.102 74.077 72.479 74.090 74.084 72.327 74.047 74.065 74.048 74.053 72.456 72.881 69.009 74.076 74.079 74.100 74.094 74.053 58.770 74.068 72.132 74.012 74.097 68.653 74.090 74.067 72.473 73.971 74.081 72.800 74.065 66.250 72.774 74.079 74.085 74.084 72.992 73.031 73.023 74.080 73.937 72.477 74.072 74.089 72.763 72.458 72.739 66.736 74.050 74.085 74.087 74.047 72.466 74.080 72.460 74.078 67.023 72.308 74.091 
28 72.365 72.364 72.353 72.348 72.353 72.296 72.341 72.381 60.931 72.349 72.359 72.159 72.342 72.371 72.368 66.629 72.383 72.345 72.355 67.936 72.356 72.106 67.780 66.448 72.383 72.398 72.314 72.366 72.354 72.328 72.336 72.373 72.151 72.314 72.349 72.339 72.385 72.366 72.346 72.374 72.372 72.327 72.335 72.348 72.336 72.345 72.335 72.334 68.152 72.364 72.363 72.384 72.377 72.339 58.766 72.350 72.109 72.288 72.373 67.609 72.374 72.356 72.349 72.257 72.369 72.284 72.349 66.219 72.345 72.367 72.374 72.376 72.348 72.326 72.345 72.369 72.223 72.352 72.361 72.372 72.359 72.336 72.339 66.533 72.340 72.371 72.375 72.334 72.346 72.365 72.334 72.361 66.748 72.284 72.377 
29 72.326 72.327 72.352 72.319 72.320 72.285 72.357 72.334 60.943 72.332 72.372 72.211 72.317 72.335 72.329 66.619 72.334 72.364 72.364 67.944 72.371 72.099 67.791 66.433 72.350 72.366 72.318 72.327 72.328 72.297 72.355 72.341 72.258 72.327 72.364 72.339 72.339 72.347 72.362 72.334 72.331 72.304 72.312 72.315 72.318 72.312 72.356 72.247 68.146 72.327 72.345 72.334 72.334 72.337 58.750 72.311 72.242 72.264 72.333 67.611 72.327 72.317 72.354 72.359 72.326 72.246 72.331 66.245 72.355 72.327 72.332 72.330 72.358 72.341 72.364 72.343 72.245 72.360 72.343 72.328 72.369 72.335 72.306 66.550 72.310 72.327 72.325 72.309 72.340 72.326 72.350 72.325 66.760 72.295 72.331 
30 72.462 72.459 72.448 72.334 72.326 72.372 72.474 72.470 60.964 72.457 72.500 72.303 72.450 72.470 72.332 66.685 72.473 72.479 72.490 68.032 72.489 72.204 67.810 66.435 72.469 72.494 72.352 72.463 72.336 72.355 72.458 72.472 72.196 72.448 72.483 72.475 72.475 72.453 72.472 72.466 72.464 72.309 72.443 72.454 72.452 72.449 72.464 72.392 68.196 72.463 72.473 72.473 72.469 72.455 58.745 72.448 72.204 72.377 72.467 67.699 72.468 72.457 72.490 72.393 72.458 72.394 72.454 66.253 72.478 72.467 72.464 72.466 72.490 72.441 72.478 72.471 72.329 72.494 72.470 72.463 72.492 72.467 72.368 66.579 72.443 72.457 72.471 72.444 72.475 72.458 72.474 72.457 66.778 72.322 72.468 
31 74.088 74.084 75.720 72.362 72.363 74.510 72.475 74.101 61.136 74.770 72.493 72.484 74.065 74.086 72.463 67.126 74.104 72.634 74.246 71.939 73.794 77.705 70.643 66.655 74.101 74.114 73.624 74.088 72.373 72.341 72.472 78.760 72.946 74.706 72.484 72.473 74.106 74.084 72.480 74.096 74.094 72.343 74.062 74.074 74.057 74.067 72.466 72.853 71.651 74.083 74.082 74.104 74.099 77.499 58.772 74.070 72.170 74.012 74.098 69.450 74.093 74.073 72.480 73.973 74.088 74.393 75.720 66.255 72.780 75.900 74.096 74.096 73.000 73.037 74.838 74.088 73.945 72.490 74.078 74.090 73.670 72.466 72.748 67.071 74.061 74.090 74.092 74.062 72.477 74.085 72.467 74.083 68.269 72.311 75.262 
32 72.351 72.348 72.585 72.154 72.144 72.477 72.199 72.370 60.718 72.409 72.227 71.798 72.324 72.368 72.166 66.363 72.375 72.223 72.584 68.552 72.575 72.604 67.796 66.309 72.357 72.411 72.406 72.353 72.151 72.258 72.196 72.946 72.328 72.671 72.204 72.138 72.376 72.310 72.135 72.364 72.357 72.130 72.314 72.332 72.324 72.326 72.189 71.978 68.731 72.348 72.365 72.370 72.363 72.527 58.616 72.303 71.845 72.246 72.363 67.614 72.360 72.337 72.165 72.037 72.354 72.365 72.623 66.155 72.197 72.638 72.361 72.362 72.201 72.186 72.669 72.369 72.129 72.216 72.367 72.358 72.587 72.116 72.144 66.510 72.319 72.353 72.358 72.317 72.133 72.352 72.146 72.348 66.965 72.173 72.643 
33 74.027 74.028 74.928 72.299 72.311 74.225 72.447 74.042 61.085 74.044 72.470 72.466 74.002 74.032 72.384 67.092 74.047 73.004 73.112 70.480 73.134 75.533 68.189 66.554 74.039 74.080 72.925 74.029 72.314 72.327 72.448 74.706 72.671 75.786 72.455 72.443 74.045 74.029 72.449 74.038 74.035 72.299 73.999 74.009 73.998 74.017 72.442 72.835 70.663 74.026 74.043 74.044 74.038 74.042 58.728 74.026 72.151 73.953 74.039 69.148 74.036 74.021 72.461 73.927 74.030 73.289 74.930 66.246 72.760 74.773 74.039 74.039 72.977 73.011 74.562 74.044 73.886 72.468 74.044 74.035 73.244 72.435 72.700 66.733 74.009 74.035 74.035 74.014 72.447 74.029 72.446 74.025 67.320 72.290 74.908 
34 72.472 72.472 72.461 72.344 72.340 72.379 72.484 72.482 60.980 72.468 72.512 72.318 72.462 72.484 72.345 66.700 72.487 72.488 72.503 68.039 72.502 72.216 67.826 66.449 72.482 72.508 72.362 72.476 72.349 72.364 72.483 72.484 72.204 72.455 72.487 72.486 72.486 72.466 72.490 72.479 72.479 72.319 72.455 72.464 72.463 72.461 72.475 72.405 68.204 72.476 72.482 72.483 72.479 72.468 58.757 72.461 72.218 72.395 72.480 67.712 72.479 72.465 72.499 72.403 72.471 72.407 72.467 66.260 72.491 72.475 72.480 72.479 72.503 72.462 72.492 72.489 72.347 72.503 72.481 72.475 72.504 72.478 72.382 66.588 72.457 72.476 72.479 72.459 72.486 72.471 72.496 72.463 66.787 72.328 72.480 
35 72.467 72.462 72.453 72.320 72.316 72.369 72.478 72.475 60.980 72.461 72.502 72.273 72.439 72.477 72.336 66.666 72.481 72.484 72.490 68.030 72.492 72.192 67.801 66.429 72.475 72.490 72.341 72.458 72.339 72.339 72.475 72.473 72.138 72.443 72.486 72.452 72.482 72.455 72.456 72.467 72.461 72.299 72.426 72.439 72.437 72.433 72.475 72.350 68.197 72.460 72.481 72.476 72.469 72.459 58.753 72.426 72.166 72.399 72.471 67.701 72.477 72.459 72.471 72.362 72.471 72.364 72.460 66.229 72.478 72.472 72.465 72.464 72.488 72.466 72.482 72.478 72.287 72.497 72.478 72.475 72.495 72.449 72.365 66.558 72.441 72.470 72.480 72.439 72.450 72.464 72.460 72.461 66.775 72.311 72.463 
36 74.101 74.094 74.078 72.376 72.372 72.784 72.479 74.113 61.152 74.078 72.495 72.496 74.078 74.103 72.451 67.133 74.123 72.619 72.725 69.108 72.672 73.811 68.213 66.604 74.113 74.131 72.431 74.102 72.385 72.339 72.475 74.106 72.376 74.045 72.486 72.482 74.118 74.092 72.485 74.107 74.107 72.351 74.068 74.081 74.064 74.077 72.473 72.895 69.027 74.100 74.099 74.120 74.114 74.071 58.786 74.080 72.152 74.026 74.110 68.662 74.110 74.090 72.484 73.997 74.103 72.815 74.081 66.256 72.783 74.101 74.111 74.111 73.004 73.046 73.038 74.106 73.961 72.491 74.094 74.107 72.778 72.479 72.761 66.744 74.071 74.108 74.109 74.069 72.489 74.098 72.472 74.096 67.031 72.318 74.110 
37 74.077 74.062 74.051 72.358 72.348 72.790 72.458 74.088 61.153 74.057 72.473 72.479 74.055 74.087 72.429 67.116 74.098 72.597 72.704 69.120 72.654 73.784 68.206 66.586 74.104 74.109 72.437 74.077 72.366 72.347 72.453 74.084 72.310 74.029 72.466 72.455 74.092 74.053 72.462 74.078 74.083 72.330 74.052 74.060 74.053 74.055 72.451 72.844 69.009 74.078 74.077 74.094 74.089 74.054 58.764 74.062 72.161 74.021 74.085 68.643 74.090 74.066 72.470 73.925 74.081 72.810 74.056 66.260 72.768 74.080 74.087 74.086 72.998 73.030 73.028 74.082 73.951 72.470 74.073 74.085 72.757 72.453 72.746 66.751 74.050 74.085 74.088 74.047 72.462 74.075 72.448 74.074 67.009 72.328 74.087 
38 72.474 72.467 72.459 72.340 72.335 72.355 72.478 72.482 60.980 72.468 72.503 72.286 72.454 72.485 72.343 66.696 72.486 72.481 72.492 68.038 72.492 72.218 67.807 66.446 72.484 72.506 72.348 72.479 72.346 72.362 72.472 72.480 72.135 72.449 72.490 72.456 72.485 72.462 72.492 72.479 72.478 72.318 72.455 72.461 72.460 72.460 72.468 72.405 68.202 72.470 72.472 72.484 72.480 72.469 58.757 72.461 72.181 72.380 72.478 67.702 72.483 72.461 72.475 72.339 72.477 72.386 72.468 66.244 72.479 72.480 72.483 72.482 72.491 72.449 72.478 72.482 72.276 72.496 72.470 72.478 72.496 72.454 72.381 66.581 72.455 72.478 72.484 72.460 72.472 72.473 72.450 72.472 66.782 72.308 72.478 
39 74.091 74.081 74.064 72.368 72.362 72.776 72.470 74.103 61.141 74.067 72.486 72.482 74.066 74.091 72.442 67.125 74.113 72.611 72.716 69.103 72.667 73.799 68.206 66.598 74.101 74.122 72.425 74.090 72.374 72.334 72.466 74.096 72.364 74.038 72.479 72.467 74.107 74.078 72.479 74.093 74.097 72.342 74.061 74.074 74.057 74.069 72.464 72.888 69.019 74.089 74.087 74.109 74.103 74.065 58.776 74.075 72.143 74.015 74.100 68.654 74.100 74.079 72.477 73.981 74.091 72.808 74.067 66.251 72.774 74.091 74.101 74.099 72.994 73.035 73.029 74.094 73.951 72.483 74.084 74.096 72.770 72.465 72.752 66.740 74.061 74.096 74.097 74.058 72.475 74.087 72.463 74.086 67.025 72.310 74.101 
40 74.085 74.085 74.070 72.359 72.359 72.773 72.469 74.103 61.134 74.072 72.490 72.484 74.062 74.090 72.437 67.120 74.111 72.609 72.718 69.103 72.662 73.795 68.204 66.592 74.100 74.117 72.424 74.084 72.372 72.331 72.464 74.094 72.357 74.035 72.479 72.461 74.107 74.083 72.478 74.097 74.083 72.337 74.051 74.069 74.053 74.064 72.459 72.878 69.015 74.080 74.085 74.105 74.099 74.058 58.772 74.070 72.137 74.016 74.102 68.655 74.095 74.074 72.477 73.979 74.091 72.805 74.072 66.250 72.778 74.087 74.095 74.094 72.995 73.032 73.024 74.090 73.945 72.480 74.081 74.094 72.766 72.463 72.750 66.739 74.061 74.096 74.095 74.057 72.471 74.087 72.462 74.084 67.024 72.309 74.091 
41 72.333 72.330 72.322 72.317 72.328 72.270 72.314 72.346 60.899 72.325 72.333 72.128 72.310 72.334 72.339 66.602 72.349 72.316 72.329 67.921 72.320 72.072 67.768 66.437 72.345 72.365 72.288 72.327 72.327 72.304 72.309 72.343 72.130 72.299 72.319 72.299 72.351 72.330 72.318 72.342 72.337 72.298 72.302 72.319 72.303 72.307 72.298 72.291 68.131 72.327 72.335 72.347 72.341 72.319 58.751 72.319 72.092 72.260 72.341 67.585 72.339 72.322 72.319 72.213 72.334 72.245 72.322 66.216 72.323 72.338 72.332 72.334 72.321 72.292 72.314 72.333 72.192 72.326 72.334 72.337 72.329 72.299 72.321 66.528 72.306 72.336 72.340 72.303 72.307 72.333 72.304 72.332 66.739 72.259 72.340 
42 74.050 74.050 74.038 72.318 72.315 72.757 72.448 74.064 61.095 74.046 72.471 72.449 74.024 74.053 72.406 67.093 74.069 72.589 72.698 69.087 72.638 73.760 68.176 66.566 74.066 74.087 72.403 74.047 72.335 72.312 72.443 74.062 72.314 73.999 72.455 72.426 74.068 74.052 72.455 74.061 74.051 72.302 73.992 74.015 74.000 74.020 72.429 72.839 68.989 74.045 74.052 74.066 74.060 74.038 58.735 74.039 72.112 73.986 74.061 68.639 74.056 74.035 72.459 73.926 74.054 72.779 74.037 66.234 72.761 74.051 74.058 74.057 72.977 73.009 73.007 74.054 73.904 72.461 74.049 74.055 72.747 72.427 72.706 66.723 74.020 74.056 74.054 74.017 72.433 74.051 72.440 74.048 67.010 72.286 74.056 
43 74.063 74.062 74.047 72.334 72.330 72.764 72.455 74.078 61.112 74.059 72.472 72.461 74.038 74.062 72.417 67.101 74.082 72.597 72.707 69.093 72.645 73.770 68.188 66.580 74.071 74.101 72.409 74.065 72.348 72.315 72.454 74.074 72.332 74.009 72.464 72.439 74.081 74.060 72.461 74.074 74.069 72.319 74.015 74.026 74.009 74.038 72.434 72.855 69.003 74.062 74.064 74.080 74.074 74.049 58.749 74.052 72.126 73.989 74.074 68.642 74.069 74.049 72.468 73.943 74.068 72.790 74.050 66.238 72.766 74.064 74.075 74.075 72.981 73.015 73.015 74.069 73.922 72.472 74.062 74.068 72.754 72.433 72.723 66.728 74.033 74.069 74.067 74.032 72.445 74.062 72.448 74.061 67.014 72.291 74.075 
44 74.046 74.049 74.040 72.321 72.313 72.759 72.454 74.060 61.596 74.046 72.471 72.560 74.025 74.044 72.404 67.677 74.065 72.596 72.706 70.257 72.643 73.762 68.182 66.567 74.065 74.087 72.410 74.048 72.336 72.318 72.452 74.057 72.324 73.998 72.463 72.437 74.064 74.053 72.460 74.057 74.053 72.303 74.000 74.009 75.459 74.021 72.433 74.010 68.989 74.050 74.052 74.062 74.057 74.036 58.741 74.035 72.137 74.066 74.057 69.518 74.056 74.035 72.464 73.935 74.054 73.915 74.036 66.239 73.575 74.052 74.059 74.058 74.193 73.985 74.070 74.055 73.993 72.471 74.048 74.056 72.753 72.431 73.252 66.730 74.021 74.055 74.051 74.017 72.444 74.049 72.445 74.047 67.012 72.293 74.058 
45 74.054 74.057 74.043 72.327 72.333 72.761 72.454 74.074 61.104 74.051 72.476 72.457 74.031 74.061 72.412 67.098 74.080 72.596 72.703 69.091 72.642 73.766 68.183 66.574 74.072 74.096 72.411 74.053 72.345 72.312 72.449 74.067 72.326 74.017 72.461 72.433 74.077 74.055 72.460 74.069 74.064 72.307 74.020 74.038 74.021 74.014 72.434 72.849 68.998 74.054 74.062 74.075 74.069 74.049 58.746 74.049 72.117 73.996 74.072 68.643 74.066 74.043 72.464 73.937 74.060 72.785 74.044 66.239 72.766 74.057 74.064 74.062 72.979 73.012 73.012 74.063 73.913 72.466 74.056 74.065 72.749 72.433 72.700 66.726 74.024 74.064 74.066 74.023 72.441 74.058 72.444 74.054 67.015 72.294 74.068 
46 72.457 72.458 72.449 72.323 72.310 72.364 72.467 72.469 60.969 72.461 72.489 72.303 72.438 72.468 72.331 66.688 72.470 72.467 72.485 68.028 72.477 72.192 67.821 66.431 72.466 72.485 72.351 72.456 72.335 72.356 72.464 72.466 72.189 72.442 72.475 72.475 72.473 72.451 72.468 72.464 72.459 72.298 72.429 72.434 72.433 72.434 72.427 72.397 68.194 72.458 72.465 72.467 72.464 72.455 58.743 72.437 72.194 72.379 72.466 67.696 72.468 72.450 72.474 72.387 72.460 72.409 72.456 66.248 72.472 72.462 72.463 72.462 72.475 72.430 72.471 72.470 72.328 72.490 72.463 72.461 72.490 72.478 72.360 66.579 72.428 72.458 72.468 72.434 72.475 72.457 72.462 72.455 66.766 72.314 72.463 
47 72.873 72.877 72.827 72.337 72.320 72.360 72.398 72.890 62.454 72.866 72.420 72.521 72.860 74.203 72.341 67.893 72.894 72.398 72.410 70.970 72.404 72.559 67.741 66.409 72.882 72.874 72.249 72.881 72.334 72.247 72.392 72.853 71.978 72.835 72.405 72.350 72.895 72.844 72.405 72.888 72.878 72.291 72.839 72.855 74.010 72.849 72.397 76.323 68.139 72.876 72.865 72.889 72.883 72.855 58.728 72.832 72.088 72.873 72.886 70.842 72.882 72.861 72.360 72.625 72.878 73.599 72.864 66.144 73.431 72.879 72.884 72.884 75.378 75.240 73.255 72.874 72.721 72.410 72.864 72.880 72.411 72.346 73.582 66.473 72.842 72.878 72.875 72.837 72.371 72.878 72.349 72.870 66.672 72.179 72.874 
48 69.011 69.007 70.548 68.139 68.146 70.154 68.198 69.024 59.308 69.721 68.220 68.045 68.992 69.011 68.223 64.444 69.028 68.775 69.791 69.917 69.500 71.875 67.472 64.636 69.023 69.036 68.916 69.009 68.152 68.146 68.196 71.651 68.731 70.663 68.204 68.197 69.027 69.009 68.202 69.019 69.015 68.131 68.989 69.003 68.989 68.998 68.194 68.139 73.190 69.004 69.013 69.027 69.021 70.899 56.957 69.005 67.966 68.939 69.021 65.786 69.015 69.000 68.202 68.902 69.010 69.614 70.548 63.900 68.279 70.387 69.017 69.017 68.299 68.272 70.925 69.010 68.876 68.212 69.012 69.014 69.412 68.192 68.143 65.176 68.988 69.014 69.017 68.990 68.199 69.010 68.192 69.007 66.705 68.120 70.411 
49 74.079 74.080 74.064 72.353 72.352 72.769 72.468 74.096 61.131 74.059 72.484 72.469 74.054 74.086 72.432 67.119 74.102 72.604 72.714 69.099 72.660 73.790 68.197 66.583 74.096 74.109 72.421 74.076 72.364 72.327 72.463 74.083 72.348 74.026 72.476 72.460 74.100 74.078 72.470 74.089 74.080 72.327 74.045 74.062 74.050 74.054 72.458 72.876 69.004 74.063 74.076 74.097 74.090 74.052 58.767 74.060 72.132 74.006 74.094 68.650 74.087 74.068 72.472 73.968 74.082 72.801 74.063 66.246 72.771 74.078 74.086 74.085 72.990 73.030 73.023 74.080 73.936 72.476 74.072 74.087 72.764 72.461 72.736 66.734 74.051 74.086 74.085 74.045 72.469 74.080 72.457 74.075 67.019 72.309 74.086 
50 74.079 74.075 74.069 72.353 72.354 72.766 72.473 74.094 61.128 74.062 72.495 72.491 74.055 74.083 72.429 67.119 74.097 72.615 72.722 69.112 72.672 73.793 68.200 66.583 74.090 74.115 72.431 74.079 72.363 72.345 72.473 74.082 72.365 74.043 72.482 72.481 74.099 74.077 72.472 74.087 74.085 72.335 74.052 74.064 74.052 74.062 72.465 72.865 69.013 74.076 74.095 74.096 74.090 74.056 58.766 74.062 72.154 74.001 74.091 68.659 74.085 74.070 72.483 73.983 74.083 72.804 74.067 66.265 72.785 74.077 74.086 74.087 73.004 73.043 73.038 74.099 73.937 72.491 74.090 74.079 72.771 72.470 72.743 66.752 74.049 74.082 74.090 74.047 72.484 74.076 72.471 74.078 67.029 72.318 74.089 
51 74.099 74.097 74.081 72.374 72.370 72.780 72.476 74.115 61.147 74.079 72.492 72.489 74.077 74.099 72.452 67.127 74.120 72.613 72.722 69.107 72.667 73.807 68.211 66.601 74.112 74.127 72.426 74.100 72.384 72.334 72.473 74.104 72.370 74.044 72.483 72.476 74.120 74.094 72.484 74.109 74.105 72.347 74.066 74.080 74.062 74.075 72.467 72.889 69.027 74.097 74.096 74.111 74.110 74.069 58.782 74.079 72.150 74.016 74.112 68.658 74.107 74.086 72.482 73.991 74.101 72.810 74.083 66.251 72.781 74.098 74.107 74.107 72.997 73.039 73.033 74.099 73.960 72.489 74.091 74.105 72.774 72.470 72.758 66.743 74.067 74.104 74.104 74.066 72.481 74.098 72.469 74.097 67.027 72.313 74.108 
52 74.093 74.091 74.075 72.366 72.365 72.777 72.474 74.110 61.143 74.074 72.490 72.487 74.071 74.094 72.446 67.124 74.114 72.610 72.721 69.104 72.665 73.805 68.208 66.597 74.105 74.123 72.427 74.094 72.377 72.334 72.469 74.099 72.363 74.038 72.479 72.469 74.114 74.089 72.480 74.103 74.099 72.341 74.060 74.074 74.057 74.069 72.464 72.883 69.021 74.090 74.090 74.110 74.099 74.062 58.778 74.073 72.143 74.017 74.106 68.658 74.101 74.081 72.479 73.986 74.096 72.807 74.077 66.251 72.780 74.092 74.101 74.101 72.998 73.038 73.031 74.095 73.953 72.485 74.086 74.098 72.772 72.466 72.753 66.740 74.062 74.100 74.099 74.060 72.475 74.093 72.465 74.089 67.025 72.313 74.102 
53 74.058 74.053 75.241 72.330 72.340 73.575 72.461 74.068 61.104 74.758 72.481 72.489 74.033 74.055 72.432 67.103 74.072 72.598 73.805 70.900 73.351 76.802 70.633 66.647 74.063 74.094 73.104 74.053 72.339 72.337 72.455 77.499 72.527 74.042 72.468 72.459 74.071 74.054 72.469 74.065 74.058 72.319 74.038 74.049 74.036 74.049 72.455 72.855 70.899 74.052 74.056 74.069 74.062 78.030 58.748 74.051 72.164 73.983 74.067 69.300 74.058 74.048 72.467 73.953 74.060 73.920 75.240 66.248 72.771 75.496 74.059 74.063 72.989 73.029 74.128 74.065 73.910 72.474 74.060 74.058 73.163 72.451 72.731 67.074 74.036 74.052 74.063 74.043 72.462 74.054 72.458 74.055 67.974 72.295 74.742 
54 58.767 58.764 58.754 58.754 58.756 58.711 58.751 58.782 53.673 58.751 58.768 58.605 58.747 58.772 58.770 56.521 58.784 58.756 58.764 56.753 58.763 58.508 56.992 57.147 58.779 58.792 58.730 58.770 58.766 58.750 58.745 58.772 58.616 58.728 58.757 58.753 58.786 58.764 58.757 58.776 58.772 58.751 58.735 58.749 58.741 58.746 58.743 58.728 56.957 58.767 58.766 58.782 58.778 58.748 58.781 58.748 58.610 58.698 58.778 58.576 58.775 58.755 58.753 58.678 58.768 58.679 58.753 56.803 58.763 58.770 58.775 58.775 58.758 58.739 58.758 58.769 58.641 58.758 58.762 58.771 58.765 58.746 58.755 57.217 58.736 58.770 58.773 58.737 58.753 58.765 58.740 58.765 57.586 58.733 58.775 
55 74.063 74.063 74.049 72.344 72.340 72.754 72.455 74.078 61.113 74.060 72.476 72.470 74.050 74.064 72.416 67.088 74.081 72.594 72.703 69.094 72.645 73.782 68.189 66.580 74.075 74.101 72.410 74.068 72.350 72.311 72.448 74.070 72.303 74.026 72.461 72.426 74.080 74.062 72.461 74.075 74.070 72.319 74.039 74.052 74.035 74.049 72.437 72.832 69.005 74.060 74.062 74.079 74.073 74.051 58.748 74.048 72.134 73.975 74.074 68.641 74.068 74.052 72.461 73.939 74.068 72.773 74.050 66.235 72.765 74.064 74.075 74.075 72.981 73.013 73.012 74.065 73.919 72.463 74.063 74.066 72.751 72.423 72.727 66.730 74.038 74.067 74.066 74.039 72.431 74.064 72.444 74.063 67.005 72.291 74.071 
56 72.138 72.134 72.169 72.095 72.099 72.154 72.206 72.149 60.744 72.148 72.233 71.818 72.114 72.163 72.114 66.442 72.155 72.214 72.225 67.804 72.223 71.931 67.556 66.289 72.178 72.213 72.201 72.132 72.109 72.242 72.204 72.170 71.845 72.151 72.218 72.166 72.152 72.161 72.181 72.143 72.137 72.092 72.112 72.126 72.137 72.117 72.194 72.088 67.966 72.132 72.154 72.150 72.143 72.164 58.610 72.134 72.070 72.033 72.145 67.512 72.145 72.131 72.159 71.979 72.142 71.967 72.143 66.172 72.218 72.151 72.138 72.140 72.214 72.191 72.213 72.154 71.930 72.225 72.153 72.144 72.234 72.166 72.139 66.499 72.111 72.137 72.145 72.110 72.157 72.136 72.154 72.135 66.641 72.188 72.157 
57 74.002 74.003 74.007 72.289 72.275 72.712 72.385 74.021 61.119 73.984 72.404 72.117 73.980 74.078 72.351 67.022 74.018 72.528 72.632 69.088 72.586 73.739 68.095 66.508 74.036 74.035 72.332 74.012 72.288 72.264 72.377 74.012 72.246 73.953 72.395 72.399 74.026 74.021 72.380 74.015 74.016 72.260 73.986 73.989 74.066 73.996 72.379 72.873 68.939 74.006 74.001 74.016 74.017 73.983 58.698 73.975 72.033 73.928 74.018 68.672 74.006 73.987 72.353 73.869 73.996 72.714 73.989 66.171 72.728 73.998 74.019 74.020 72.919 73.049 72.958 74.010 73.939 72.400 73.995 74.003 72.686 72.372 72.737 66.662 73.973 74.000 74.002 73.975 72.392 74.002 72.348 74.002 66.938 72.235 74.020 
58 74.094 74.088 74.072 72.369 72.365 72.777 72.472 74.104 61.144 74.072 72.489 72.483 74.073 74.095 72.445 67.126 74.108 72.612 72.718 69.103 72.666 73.807 68.208 66.599 74.106 74.123 72.426 74.097 72.373 72.333 72.467 74.098 72.363 74.039 72.480 72.471 74.110 74.085 72.478 74.100 74.102 72.341 74.061 74.074 74.057 74.072 72.466 72.886 69.021 74.094 74.091 74.112 74.106 74.067 58.778 74.074 72.145 74.018 74.095 68.656 74.102 74.083 72.479 73.987 74.096 72.809 74.074 66.251 72.776 74.095 74.104 74.105 72.996 73.038 73.029 74.099 73.954 72.484 74.088 74.100 72.770 72.468 72.754 66.741 74.067 74.102 74.102 74.061 72.478 74.091 72.465 74.089 67.025 72.311 74.102 
